,fractal_dimension_worst,concavity_worst,compactness_mean,area_mean,concave points_mean,texture_mean,Unnamed: 0,area_worst,texture_worst,smoothness_worst,concave points_se,symmetry_worst,smoothness_mean,fractal_dimension_mean,texture_se,symmetry_se,diagnosis
0,0.1189,0.7119,0.2776,1001.0,0.1471,10.38,0,2019.0,17.33,0.1622,0.01587,0.4601,0.1184,0.07871,0.9053,0.03003,1
1,0.08902,0.2416,0.07864,1326.0,0.07017000000000001,17.77,1,1956.0,23.41,0.1238,0.0134,0.275,0.08474,0.05667000000000001,0.7339,0.01389,1
2,0.08757999999999999,0.4504,0.1599,1203.0,0.1279,21.25,2,1709.0,25.53,0.1444,0.02058,0.3613,0.1096,0.05999,0.7869,0.0225,1
3,0.173,0.6869,0.2839,386.1,0.1052,20.38,3,567.7,26.5,0.2098,0.01867,0.6638,0.1425,0.09744,1.156,0.05963,1
4,0.07678,0.4,0.1328,1297.0,0.1043,14.34,4,1575.0,16.67,0.1374,0.01885,0.2364,0.1003,0.058829999999999986,0.7813,0.01756,1
5,0.1244,0.5355,0.17,477.1,0.08089,15.7,5,741.6,23.75,0.1791,0.01137,0.3985,0.1278,0.07612999999999999,0.8902,0.02165,1
6,0.08367999999999999,0.3784,0.109,1040.0,0.07400000000000001,19.98,6,1606.0,27.66,0.1442,0.01039,0.3063,0.09463,0.05742000000000001,0.7732,0.01369,1
7,0.1151,0.2678,0.1645,577.9,0.05985,20.83,7,897.0,28.14,0.1654,0.014480000000000003,0.3196,0.1189,0.07451,1.3769999999999998,0.01486,1
8,0.1072,0.539,0.1932,519.8,0.09353,21.82,8,739.3,30.73,0.1703,0.01226,0.4378,0.1273,0.07389,1.002,0.02143,1
9,0.2075,1.105,0.2396,475.9,0.08542999999999999,24.04,9,711.4,40.68,0.1853,0.01432,0.4366,0.1186,0.08242999999999999,1.599,0.01789,1
10,0.08452,0.1459,0.06669,797.8,0.03323,23.24,10,1150.0,33.88,0.1181,0.007591,0.2948,0.08206000000000001,0.056970000000000014,1.187,0.0146,1
11,0.1048,0.3965,0.1292,781.0,0.06606000000000001,17.89,11,1299.0,27.28,0.1396,0.012819999999999998,0.3792,0.0971,0.06082000000000001,0.9849,0.02008,1
12,0.1023,0.3639,0.2458,1123.0,0.1118,24.8,12,1332.0,29.94,0.1037,0.0409,0.3176,0.0974,0.078,3.568,0.04484,1
13,0.06287000000000001,0.2322,0.1002,782.7,0.05364,23.95,13,876.5,27.66,0.1131,0.01992,0.2809,0.08401,0.05338,1.078,0.029810000000000007,1
14,0.1431,0.6943,0.2293,578.3,0.08025,22.61,14,697.7,32.01,0.1651,0.016280000000000003,0.3596,0.1131,0.07682,1.169,0.01961,1
15,0.1341,0.7026,0.1595,658.8,0.07364,27.54,15,943.2,37.13,0.1678,0.0109,0.4218,0.1139,0.07077,1.033,0.01857,1
16,0.08216,0.2914,0.07200000000000001,684.5,0.05259,20.13,16,1138.0,30.88,0.1464,0.01109,0.3029,0.09867,0.05922,1.24,0.0141,1
17,0.1142,0.4784,0.2022,798.8,0.1028,20.68,17,1315.0,31.48,0.1789,0.01297,0.3706,0.117,0.07356,1.073,0.016890000000000002,1
18,0.07615,0.5372,0.1027,1260.0,0.09498,22.15,18,2398.0,30.88,0.1512,0.01521,0.2768,0.09831,0.05395,1.017,0.01356,1
19,0.07259,0.239,0.08129,566.3,0.047810000000000005,14.36,19,711.2,19.26,0.14400000000000002,0.01315,0.2977,0.09779,0.05766,0.7886,0.0198,0
20,0.08183,0.189,0.127,520.0,0.0311,15.71,20,630.5,20.49,0.1312,0.006490000000000001,0.3184,0.1075,0.06811,0.7477,0.01678,0
21,0.07773,0.08867,0.06492,273.9,0.02076,12.44,21,314.9,15.66,0.1324,0.01421,0.245,0.1024,0.06905,0.9768,0.02027,0
22,0.09946,0.6305,0.2135,704.4,0.09756,14.26,22,980.9,19.08,0.139,0.02252,0.4667,0.1073,0.07032000000000001,0.7096,0.03672,1
23,0.07526000000000001,0.3155,0.1022,1404.0,0.08632000000000001,23.04,23,2615.0,35.59,0.1401,0.01038,0.2822,0.09428,0.05278,1.127,0.01083,1
24,0.09564,0.4695,0.1457,904.6,0.0917,21.38,24,2215.0,31.56,0.1805,0.0113,0.3613,0.1121,0.0633,0.9017,0.01468,1
25,0.1059,0.3853,0.2276,912.7,0.1401,16.4,25,1461.0,21.4,0.1545,0.02397,0.4066,0.1186,0.07413,0.976,0.02308,1
26,0.1275,0.5539,0.1868,644.8,0.08782999999999999,21.53,26,896.9,33.21,0.1525,0.01352,0.4264,0.1054,0.06924,0.9832,0.01454,1
27,0.07421,0.3446,0.1066,1094.0,0.07731,20.25,27,1403.0,27.26,0.1338,0.01911,0.2341,0.0944,0.05699,1.849,0.02293,1
28,0.09876,0.6335,0.1697,732.4,0.08751,25.27,28,1269.0,36.71,0.1641,0.01083,0.4027,0.1082,0.0654,1.012,0.01768,1
29,0.07919,0.2489,0.1157,955.1,0.07952999999999999,15.05,29,1227.0,19.52,0.1255,0.01354,0.2756,0.09847,0.06149,0.8225,0.01925,1
30,0.09782,0.6133,0.1887,1088.0,0.1244,25.11,30,1670.0,34.01,0.1491,0.01158,0.3444,0.1064,0.06197,1.466,0.02007,1
31,0.1402,0.6956,0.1516,440.6,0.051820000000000005,18.7,31,888.7,28.12,0.1637,0.01044,0.4761,0.1109,0.07799,1.03,0.02273,1
32,0.08482,0.5588,0.1496,899.3,0.1203,23.98,32,1344.0,32.09,0.1634,0.01112,0.353,0.1197,0.06382,1.398,0.02102,1
33,0.1123,0.6091,0.1719,1162.0,0.07593,26.47,33,1813.0,30.9,0.1509,0.009643,0.3672,0.09401,0.06261,0.6062,0.01543,1
34,0.1233,0.5274,0.1559,807.2,0.07752,17.88,34,1261.0,27.26,0.1446,0.009067,0.4270000000000001,0.104,0.06515,0.6857,0.01703,1
35,0.08632999999999999,0.5409,0.1336,869.5,0.06018,21.59,35,1229.0,29.02,0.1563,0.01195,0.4863,0.0961,0.05656,0.9197,0.02789,1
36,0.1014,0.5186,0.1098,633.0,0.05598,21.72,36,799.6,30.36,0.1446,0.01161,0.3591,0.09823,0.06125,1.019,0.02028,1
37,0.06169,0.04833,0.03766,523.8,0.029230000000000006,18.42,37,545.9,22.81,0.09701,0.01164,0.1987,0.08983,0.05863,2.342,0.02671,0
38,0.05504,0.02398,0.05131,698.8,0.02899,25.2,38,698.8,25.2,0.09387,0.01917,0.1565,0.09387,0.05504,2.188,0.007882,1
39,0.1071,0.503,0.1255,559.2,0.05439,20.82,39,740.4,26.02,0.161,0.01262,0.2807,0.1016,0.06419,0.5914,0.01377,1
40,0.07146,0.2085,0.06031,563.0,0.02031,21.58,40,787.9,30.25,0.1094,0.006881,0.2994,0.08162,0.05587,0.8265,0.0138,1
41,0.09606,0.4023,0.1218,371.1,0.05669,21.35,41,514.0,35.34,0.1909,0.01037,0.2964,0.1227,0.0687,1.4280000000000002,0.01357,1
42,0.1038,0.7242,0.219,1104.0,0.09961,24.81,42,1651.0,33.17,0.1247,0.02638,0.467,0.09081,0.06343,1.666,0.05333,1
43,0.1027,0.3664,0.1436,545.2,0.06158,20.28,43,907.2,28.0,0.153,0.00956,0.3739,0.1041,0.06782,0.8249,0.01719,1
44,0.09618,0.3728,0.1047,531.5,0.05252,21.81,44,740.7,29.89,0.1503,0.006853,0.3693,0.09714,0.06177000000000001,0.6123,0.01113,1
45,0.09185,0.7345,0.1686,1076.0,0.1009,17.6,45,1567.0,21.32,0.1679,0.01695,0.3799,0.1099,0.06049,0.6633,0.02428,1
46,0.07409,0.0688,0.05943,201.9,0.005917,16.84,46,242.2,21.96,0.1297,0.005917,0.3105,0.086,0.06502999999999999,0.9567,0.02574,0
47,0.1179,0.5006,0.1231,534.6,0.0734,18.66,47,759.4,27.95,0.1786,0.01215,0.39,0.1158,0.06777000000000001,0.8937,0.01743,1
48,0.08301,0.305,0.09092,449.3,0.02749,14.63,48,582.6,20.7,0.1494,0.00566,0.2747,0.1031,0.06043,0.7294,0.01428,0
49,0.06917000000000001,0.2282,0.07697999999999999,561.0,0.033839999999999995,22.3,49,698.8,31.82,0.1162,0.01184,0.2871,0.08752,0.05718,1.3530000000000002,0.01641,0
50,0.06563,0.05523,0.04966,427.9,0.01115,21.6,50,516.5,25.72,0.1085,0.007445,0.2433,0.08637,0.05888,1.21,0.02406,0
51,0.08025,0.105,0.06059,571.8,0.017230000000000002,16.34,51,656.7,23.19,0.1089,0.007956,0.2346,0.07685,0.059529999999999986,0.9234,0.01325,0
52,0.07408,0.09203,0.04751,437.6,0.01349,18.24,52,527.2,21.33,0.1144,0.008,0.2785,0.08261,0.0611,0.6329,0.01996,0
53,0.07987000000000001,0.2623,0.1485,1033.0,0.106,18.7,53,1321.0,24.13,0.128,0.009222,0.3021,0.1148,0.0631,1.5930000000000002,0.02674,1
54,0.07873,0.2712,0.07081,712.8,0.033339999999999995,22.02,54,1030.0,31.69,0.1389,0.009222,0.2675,0.09056,0.05684,0.8339,0.01095,1
55,0.07036,0.09076,0.05473,409.0,0.02278,18.75,55,506.2,22.47,0.1249,0.00867,0.3306,0.09524,0.05907,0.9591,0.03218,0
56,0.08294,0.3879,0.1267,1152.0,0.08993999999999999,18.57,56,2145.0,28.14,0.1624,0.01538,0.3537,0.1053,0.05961,1.193,0.01852,1
57,0.1094,0.3587,0.1365,656.9,0.08123,21.59,57,985.5,30.7,0.1368,0.01272,0.3698,0.1137,0.06758,1.15,0.01817,1
58,0.06289,0.001845,0.03789,527.2,0.0041670000000000006,19.31,58,624.1,22.25,0.1021,0.0041670000000000006,0.2439,0.0806,0.05501,1.214,0.0219,0
59,0.09026,0.1168,0.05272,224.5,0.007798999999999999,11.79,59,274.9,15.4,0.1733,0.005742000000000001,0.322,0.09752,0.07187,0.5796,0.0209,0
60,0.0802,0.02168,0.08061,311.9,0.0129,14.88,60,368.6,17.45,0.1275,0.008193,0.3557,0.1134,0.0696,1.4409999999999998,0.04183,0
61,0.07712000000000001,0.09001,0.08963,221.8,0.009259,20.98,61,273.9,27.04,0.1639,0.009259,0.2972,0.1243,0.06757,2.067,0.03357,0
62,0.1132,0.6922,0.2008,645.7,0.08653,22.15,62,959.5,29.51,0.16399999999999998,0.01848,0.2844,0.1049,0.07292,1.268,0.017,1
63,0.0849,0.1397,0.08751,260.9,0.0218,13.86,63,310.1,19.23,0.09836,0.0156,0.3282,0.07721,0.06963,2.265,0.04192,0
64,0.1031,0.4024,0.1262,499.0,0.06873,23.84,64,888.3,33.47,0.1851,0.0129,0.3383,0.1122,0.0659,1.178,0.01635,1
65,0.08911000000000001,0.3024,0.1479,668.3,0.09029,23.94,65,925.1,33.39,0.1648,0.01184,0.3321,0.1172,0.06654,1.281,0.019,1
66,0.09211,0.09412,0.07773,269.4,0.01504,21.01,66,330.7,31.56,0.1548,0.009333,0.2878,0.1044,0.06899,2.011,0.02279,0
67,0.06641,0.1444,0.04701,394.1,0.0223,19.04,67,466.7,23.84,0.129,0.008965,0.24,0.08139,0.05667000000000001,0.9429,0.02183,0
68,0.1175,1.252,0.1413,250.5,0.04375,17.33,68,324.7,22.65,0.1482,0.03322,0.4228,0.1066,0.08046,1.194,0.04197,0
69,0.0641,0.1039,0.05234,502.5,0.02864,16.49,69,554.9,19.76,0.1296,0.008662000000000001,0.2383,0.09831,0.05653,0.8732,0.02254,0
70,0.06589,0.2687,0.1029,1130.0,0.07951,21.31,70,1866.0,26.58,0.1193,0.0137,0.2551,0.09009,0.05461,0.7975,0.01386,1
71,0.1084,0.1434,0.1531,244.0,0.02872,14.64,71,284.4,15.67,0.1207,0.01766,0.2254,0.09783,0.0898,0.8522,0.02541,0
72,0.1339,0.6566,0.183,929.4,0.07944,24.52,72,1681.0,33.82,0.1585,0.01127,0.3313,0.1071,0.06487000000000001,1.041,0.01527,1
73,0.103,0.2779,0.128,584.1,0.05069,15.79,73,812.4,20.86,0.1411,0.009206,0.2589,0.1007,0.06566,0.6205,0.0122,1
74,0.07608999999999999,0.1703,0.06829,470.9,0.02272,16.52,74,611.1,23.21,0.1176,0.007965,0.2618,0.09172,0.05914,1.025,0.01386,0
75,0.06387000000000001,0.2829,0.08424,817.7,0.06638,19.65,75,1223.0,24.56,0.15,0.01809,0.265,0.09168,0.05391,1.016,0.0155,1
76,0.07191,0.08539,0.1047,559.2,0.06556000000000001,10.94,76,605.5,12.49,0.1451,0.008239,0.271,0.1291,0.06641,1.014,0.02572,0
77,0.1108,0.3786,0.2146,1006.0,0.108,16.15,77,1610.0,18.91,0.1478,0.0207,0.3751,0.1065,0.06673,0.5505,0.02591,1
78,0.09964,0.7681,0.3454,1245.0,0.1604,23.97,78,1623.0,31.72,0.1639,0.02593,0.544,0.1286,0.08142,1.885,0.07895,1
79,0.07918,0.1731,0.09546,506.3,0.02315,18.0,79,622.1,24.82,0.1289,0.008179,0.2779,0.09934,0.05997,1.095,0.017480000000000002,0
80,0.08851,0.1755,0.09362,401.5,0.022330000000000003,20.97,80,525.1,32.16,0.1557,0.007506,0.2762,0.1102,0.07005,2.174,0.01816,0
81,0.1016,0.4858,0.1535,520.0,0.06987,15.86,81,614.9,23.19,0.1536,0.01383,0.3527,0.1078,0.06902,1.016,0.02134,0
82,0.1051,0.6476,0.2665,1878.0,0.1845,24.91,82,2562.0,33.62,0.1573,0.0203,0.2355,0.1063,0.06782,1.474,0.01065,1
83,0.09203,0.2432,0.1791,1132.0,0.1469,26.29,83,1298.0,32.72,0.1392,0.01843,0.2311,0.1215,0.07224,2.91,0.030560000000000007,1
84,0.07923999999999999,0.2267,0.07165,443.3,0.01863,15.65,84,567.9,24.9,0.1377,0.007026999999999999,0.3379,0.09723,0.05968,1.255,0.01972,0
85,0.08578999999999999,0.3157,0.1053,1075.0,0.08795,18.52,85,1603.0,27.68,0.1398,0.0142,0.3695,0.09874,0.06022,1.475,0.0237,1
86,0.06846000000000001,0.3349,0.09947,648.2,0.04938,21.46,86,808.9,29.25,0.1306,0.01761,0.302,0.09444,0.05636,2.22,0.02418,1
87,0.09288,0.5755,0.1206,1076.0,0.08271,24.59,87,1623.0,30.41,0.1249,0.012,0.3956,0.09029,0.05629,0.6636,0.01964,1
88,0.09261,0.2434,0.09445,466.1,0.03745,21.8,88,574.7,30.5,0.1304,0.01293,0.2972,0.08772,0.06404,1.5019999999999998,0.01958,0
89,0.08473,0.2604,0.1339,651.9,0.07064,15.24,89,803.6,18.24,0.1277,0.01623,0.3151,0.1132,0.06346,0.7372,0.02427,0
90,0.07246,0.09189,0.08606,662.7,0.02957,24.02,90,803.7,29.11,0.1115,0.008606,0.2522,0.08974,0.05866,1.111,0.02085,0
91,0.06828,0.2846,0.1036,728.2,0.07483,22.76,91,830.9,25.84,0.1257,0.01763,0.2556,0.092,0.06097,0.8413,0.02471,1
92,0.06206,0.135,0.05055,551.7,0.02648,14.76,92,830.6,22.35,0.1006,0.01082,0.2027,0.07355,0.05318,1.153,0.01069,0
93,0.06602999999999999,0.1381,0.08165,555.1,0.0278,18.3,93,699.4,25.94,0.1339,0.009366,0.2678,0.1022,0.0571,1.3730000000000002,0.01884,0
94,0.08234,0.5203,0.1553,705.6,0.08815,19.83,94,1025.0,24.23,0.1551,0.01851,0.2834,0.1039,0.06284,0.9644,0.014980000000000004,1
95,0.08367999999999999,0.4098,0.1313,1264.0,0.08682999999999999,23.03,95,1750.0,31.59,0.119,0.01269,0.3689,0.09078,0.05649,1.509,0.02657,1
96,0.07376,0.0498,0.07057000000000001,451.1,0.02941,17.84,96,495.2,20.92,0.114,0.01519,0.2227,0.1045,0.06635,1.511,0.0222,0
97,0.08988,0.02049,0.05301,294.5,0.007937,19.94,97,366.1,26.29,0.1316,0.00525,0.1934,0.1024,0.0689,2.043,0.018009999999999998,0
98,0.08756,0.1922,0.07525,412.6,0.0335,12.84,98,512.5,17.16,0.1431,0.006884,0.2772,0.08983,0.06582,0.5391,0.01651,0
99,0.09353,0.3194,0.1141,642.5,0.05839,19.77,99,826.4,30.86,0.1431,0.01424,0.2718,0.09752,0.0639,1.851,0.01462,1
100,0.07397000000000001,0.3169,0.08511,582.7,0.04489,24.98,100,906.5,35.27,0.1265,0.009921,0.2651,0.09488,0.05871000000000001,1.29,0.01465,1
101,0.09382,0.0,0.07568,143.5,0.0,13.43,101,185.2,19.54,0.1584,0.0,0.2932,0.117,0.07818,1.508,0.02659,0
102,0.06878,0.1145,0.04038,458.7,0.0177,20.52,102,547.8,32.84,0.1123,0.006797,0.2694,0.08012999999999999,0.056770000000000015,1.571,0.014469999999999997,0
103,0.0849,0.2644,0.09697,298.3,0.03029,19.4,103,361.2,26.83,0.1559,0.01112,0.2622,0.1005,0.06322,1.222,0.01609,0
104,0.07552,0.07987000000000001,0.08578,336.1,0.01201,19.29,104,402.8,23.31,0.1219,0.008614,0.2826,0.09989,0.06481,1.534,0.0271,0
105,0.1405,0.6376,0.1765,530.2,0.09601,15.56,105,827.2,22.4,0.1862,0.013880000000000002,0.3147,0.1398,0.07692,0.9238,0.01547,1
106,0.09097,0.2873,0.1017,412.5,0.03485,18.33,106,521.7,29.26,0.1688,0.01398,0.2806,0.1142,0.0652,1.6569999999999998,0.01565,0
107,0.07185,0.1937,0.06815,466.7,0.01921,18.54,107,544.1,27.49,0.1184,0.005558,0.2983,0.08477,0.06066000000000001,0.8944,0.01251,0
108,0.09789,0.9608,0.2768,1509.0,0.1823,19.67,108,2360.0,28.01,0.1701,0.0248,0.4055,0.1326,0.07039,1.545,0.03112,1
109,0.08832000000000001,0.312,0.06575,396.5,0.01899,21.26,109,518.1,29.15,0.1699,0.006435,0.2829,0.08759,0.06529,0.9861,0.01568,0
110,0.08467999999999999,0.13,0.08404,290.2,0.01778,16.99,110,367.0,21.47,0.1467,0.01023,0.2533,0.1037,0.07065,1.4240000000000002,0.03281,0
111,0.08486,0.2216,0.1209,480.4,0.06021,20.76,111,527.4,25.47,0.1287,0.02295,0.2226,0.09933,0.0707,1.803,0.02144,0
112,0.1082,0.6783,0.2233,629.9,0.07798,19.65,112,709.0,23.73,0.08949,0.02292,0.2398,0.07837000000000001,0.07769,1.49,0.02566,0
113,0.09026,0.1295,0.1303,334.2,0.03068,20.19,113,374.4,22.75,0.13,0.01544,0.2383,0.1122,0.07782,1.86,0.02287,0
114,0.1017,0.2456,0.08201,230.9,0.01924,15.83,114,284.4,19.62,0.1724,0.0104,0.2926,0.115,0.07633,0.5864,0.01708,0
115,0.08541,0.1503,0.07849,438.6,0.02008,21.53,115,583.0,26.15,0.15,0.007711,0.2438,0.09768,0.06194,0.9227,0.01278,0
116,0.07722000000000001,0.1544,0.1243,245.2,0.02308,15.76,116,270.0,17.07,0.1179,0.02308,0.1652,0.09462,0.07163,0.9789,0.02384,0
117,0.1065,0.4704,0.1649,682.5,0.08922999999999999,16.67,117,1095.0,27.37,0.1878,0.01271,0.3585,0.1162,0.06767999999999999,0.9489,0.01602,1
118,0.1252,0.7356,0.1752,782.6,0.09479,22.91,118,1272.0,30.5,0.1855,0.0139,0.3274,0.1155,0.07331,1.072,0.01495,1
119,0.06111000000000001,0.2249,0.06722,982.0,0.05596,20.01,119,1261.0,27.83,0.1072,0.009863,0.4882,0.08402000000000001,0.05025,1.214,0.05014,1
120,0.08523,0.2102,0.06685,403.3,0.02623,10.82,120,510.5,15.97,0.1548,0.00646,0.3016,0.09373,0.06113,0.4607,0.01344,0
121,0.08456,0.3272,0.11,1077.0,0.08665,17.12,121,1549.0,24.9,0.1503,0.01601,0.2894,0.1054,0.06213,1.581,0.02045,1
122,0.08009,0.5803,0.2867,1761.0,0.2012,20.2,122,2073.0,23.99,0.1696,0.01822,0.3222,0.1447,0.06877,3.12,0.04547,1
123,0.08006,0.256,0.1099,640.7,0.05778,10.89,123,745.5,15.98,0.1313,0.012,0.2889,0.1101,0.06402000000000001,0.857,0.0191,0
124,0.07628,0.3308,0.07325,553.5,0.028,16.39,124,632.1,22.75,0.1025,0.01038,0.2048,0.07115,0.05823,1.14,0.01208,0
125,0.07182000000000001,0.08115,0.06136000000000001,588.7,0.01141,17.21,125,725.9,23.58,0.1157,0.004814,0.2364,0.08785,0.0589,0.8561,0.01247,0
126,0.079,0.3796,0.07862000000000001,572.6,0.03085,24.69,126,848.7,35.64,0.1471,0.00688,0.34700000000000003,0.09258,0.0613,1.005,0.01323,1
127,0.06541,0.3207,0.08027999999999999,1138.0,0.056270000000000014,18.91,127,1538.0,25.73,0.1021,0.01361,0.2841,0.08217,0.05044,1.342,0.0203,1
128,0.07779,0.196,0.1807,674.5,0.08534,16.39,128,762.6,18.33,0.1386,0.022580000000000003,0.259,0.115,0.06467,1.068,0.02353,0
129,0.08465,0.5673,0.1589,1192.0,0.1149,25.12,129,1589.0,33.58,0.1275,0.01043,0.3305,0.1015,0.06113,1.199,0.015780000000000002,1
130,0.09241,0.09915,0.09509,455.8,0.02882,13.29,130,545.2,17.81,0.1427,0.008094,0.3469,0.1066,0.06471,0.8163,0.02662,0
131,0.08019,0.3791,0.1223,748.9,0.08087000000000001,19.48,131,1156.0,26.0,0.1546,0.01093,0.2837,0.1092,0.05796000000000001,0.7859,0.013969999999999998,1
132,0.07619,0.2992,0.1284,809.8,0.056129999999999985,21.54,132,1175.0,31.68,0.1395,0.009231,0.348,0.1008,0.05891,1.265,0.01535,1
133,0.07071000000000001,0.1709,0.09462,761.7,0.05933,13.93,133,922.8,19.25,0.1223,0.01268,0.2723,0.09462,0.05723,0.8155,0.01669,0
134,0.0761,0.3965,0.09709,1075.0,0.06847,21.91,134,1590.0,31.39,0.1465,0.009148,0.3109,0.0943,0.05727,1.202,0.01492,1
135,0.08067,0.2177,0.05761,506.3,0.02704,22.47,135,653.6,33.37,0.1419,0.00892,0.2829,0.09055,0.06065,1.38,0.01647,1
136,0.07343,0.1046,0.06095,423.6,0.026,16.67,136,546.7,25.48,0.1271,0.013069999999999998,0.1712,0.1051,0.05945,2.508,0.01359,0
137,0.06765,0.1399,0.06888999999999999,399.8,0.02875,15.39,137,462.0,22.02,0.119,0.008602,0.2676,0.09639,0.05865,0.9938,0.01501,0
138,0.07147,0.3355,0.1305,678.1,0.08624,17.57,138,971.4,21.43,0.1411,0.028010000000000004,0.3414,0.1167,0.06216,1.452,0.05168,1
139,0.06784,0.08669,0.1136,384.8,0.04796,13.39,139,434.0,15.77,0.1367,0.01965,0.2102,0.1164,0.06072,1.3430000000000002,0.0158,0
140,0.08151,0.0,0.04102,288.5,0.0,11.97,140,342.9,14.1,0.1234,0.0,0.3105,0.0925,0.06422,0.496,0.02277,0
141,0.08158,0.2802,0.1137,813.0,0.05943,18.05,141,1233.0,25.27,0.1314,0.01167,0.2792,0.09721,0.06248,1.332,0.01875,1
142,0.08096,0.07708,0.09486,398.0,0.01861,17.31,142,503.0,26.76,0.1413,0.00952,0.2584,0.1092,0.06562,1.908,0.02282,0
143,0.08118,0.209,0.09509,512.2,0.03088,15.92,143,643.8,21.82,0.1312,0.007584,0.3549,0.08677,0.06235,0.7712,0.02104,0
144,0.06769,0.09755,0.05139,355.3,0.007875,14.97,144,441.2,20.72,0.1076,0.005612,0.23,0.07793,0.056879999999999986,1.239,0.01671,0
145,0.1036,0.0942,0.1296,432.8,0.03003,14.65,145,509.6,16.51,0.1424,0.0111,0.2727,0.1152,0.07839,0.6538,0.03127,0
146,0.103,0.4504,0.17,432.0,0.07415,16.58,146,591.7,26.38,0.1385,0.01843,0.5774,0.1091,0.07371,1.426,0.05628,1
147,0.09218,0.25,0.1167,689.5,0.03562,18.77,147,809.7,25.47,0.0997,0.01527,0.2852,0.08138,0.06493,1.909,0.03356,0
148,0.07683,0.3103,0.1021,640.1,0.05532,15.18,148,766.9,19.85,0.1316,0.01493,0.2691,0.0997,0.06081,0.7394,0.01454,0
149,0.07014,0.1564,0.06376,585.0,0.01329,17.91,149,725.9,22.46,0.09711,0.005828,0.235,0.07944,0.0558,0.7574,0.01329,0
150,0.06435,0.08112,0.07589,519.4,0.02645,20.78,150,616.7,24.11,0.1297,0.01153,0.3196,0.1135,0.060870000000000014,1.3219999999999998,0.02951,0
151,0.1486,0.5381,0.1305,203.9,0.02168,20.7,151,249.8,29.72,0.163,0.01022,0.3322,0.09405,0.08261,1.962,0.02309,0
152,0.1259,0.8216,0.1599,300.2,0.07857,15.34,152,380.5,19.49,0.1292,0.05279,0.3108,0.1072,0.09296,2.664,0.035460000000000005,0
153,0.06772,0.07116,0.05113,381.9,0.01786,13.08,153,440.8,16.3,0.1341,0.008232,0.2859,0.09754,0.06105,0.7815,0.02388,0
154,0.08632999999999999,0.3009,0.08498,538.9,0.03483,15.34,154,677.3,20.5,0.1478,0.009536,0.3849,0.09384,0.062070000000000014,0.7927,0.02769,0
155,0.08132,0.1943,0.06679,460.3,0.02331,17.94,155,564.2,25.22,0.1217,0.007923999999999999,0.3113,0.08653999999999999,0.06228,0.9823,0.01799,0
156,0.07737999999999999,0.3583,0.1665,963.7,0.1054,20.74,156,1302.0,25.11,0.1418,0.01841,0.2463,0.1115,0.06166,1.4,0.01778,1
157,0.05972,0.1882,0.07222999999999999,880.2,0.02771,19.46,157,1032.0,28.07,0.08774,0.0111,0.2527,0.07445,0.05268,2.06,0.0152,0
158,0.07898,0.08636,0.052410000000000005,448.6,0.01963,12.74,158,532.8,18.41,0.1275,0.006273,0.2514,0.09311,0.05907,0.7285,0.01465,0
159,0.07685,0.01854,0.03718,366.8,0.006587999999999999,12.96,159,470.0,18.2,0.1171,0.003576,0.2738,0.07515,0.05743,0.7614,0.01637,0
160,0.07987000000000001,0.1956,0.1141,419.8,0.03738,20.18,160,543.9,26.21,0.1358,0.01152,0.3168,0.1089,0.06452999999999999,1.693,0.03397,0
161,0.06251,0.2264,0.1185,1157.0,0.09667,15.94,161,1495.0,17.81,0.1124,0.02794,0.2443,0.08694,0.05176,0.6336,0.031560000000000005,1
162,0.09223,0.6809999999999999,0.1666,1214.0,0.1286,18.15,162,2232.0,26.39,0.1438,0.013030000000000002,0.3643,0.112,0.06082000000000001,1.048,0.01686,1
163,0.09082,0.1688,0.1015,464.5,0.02822,22.22,163,553.0,28.68,0.1452,0.01135,0.2268,0.1012,0.06761,1.656,0.01879,0
164,0.09187,0.3948,0.1145,1686.0,0.09702,22.04,164,2403.0,28.22,0.1228,0.01623,0.3589,0.08438999999999999,0.05553,0.8561,0.01956,1
165,0.06085,0.0775,0.053520000000000005,690.2,0.01939,19.76,165,782.1,25.82,0.1045,0.006431999999999999,0.2646,0.08421000000000001,0.052660000000000005,1.065,0.01924,0
166,0.07699,0.1047,0.05736,357.6,0.016980000000000002,9.71,166,414.0,12.02,0.1436,0.005344,0.209,0.09594,0.064,0.4064,0.01254,0
167,0.07228,0.2318,0.09182,886.3,0.06576,18.8,167,1260.0,26.3,0.1168,0.016040000000000002,0.281,0.08865,0.05534,1.391,0.02091,1
168,0.093,0.489,0.1603,984.6,0.1043,24.68,168,1660.0,32.33,0.1376,0.01569,0.21600000000000005,0.1049,0.06365,1.41,0.01145,1
169,0.06427999999999999,0.06648,0.07885,685.9,0.03781,16.95,169,793.7,23.0,0.1216,0.009073,0.2404,0.09855,0.0565,1.217,0.0135,0
170,0.06771,0.1242,0.06981,464.1,0.037000000000000005,12.39,170,549.1,15.64,0.1385,0.01241,0.2827,0.1028,0.05955,0.6656,0.01924,0
171,0.07371,0.2644,0.06287999999999999,565.4,0.03438,19.63,171,993.6,29.87,0.1401,0.009443,0.2884,0.09048,0.05671,1.147,0.0152,1
172,0.101,0.583,0.1555,736.9,0.1097,11.89,172,1102.0,17.04,0.1531,0.0132,0.3216,0.1257,0.07069,0.6583,0.01792,1
173,0.07313,0.03938,0.05743,372.7,0.02583,14.71,173,396.5,16.82,0.1216,0.01583,0.1902,0.1006,0.06669,1.805,0.03082,0
174,0.06164,0.0,0.04302,349.6,0.0,15.15,174,408.3,19.2,0.1076,0.0,0.271,0.08792,0.05975,1.925,0.03265,0
175,0.07848,0.0,0.04276,227.2,0.0,14.45,175,259.2,17.04,0.1162,0.0,0.2592,0.09138,0.06724,0.7873,0.02711,0
176,0.1162,0.3486,0.1294,302.4,0.037160000000000006,18.06,176,390.2,24.39,0.1301,0.0246,0.2614,0.09699,0.08116,2.261,0.0388,0
177,0.09519,0.5862,0.1556,832.9,0.08866,20.11,177,981.2,28.45,0.1415,0.01813,0.3054,0.09831,0.06323,1.284,0.016819999999999998,1
178,0.05843,0.007977,0.01938,526.4,0.001852,22.22,178,608.8,29.02,0.08125,0.001852,0.2295,0.06251,0.05234,1.142,0.016130000000000002,0
179,0.07318999999999999,0.02758,0.03774,508.8,0.0133,13.06,179,570.7,16.15,0.1162,0.007408,0.1783,0.08739,0.06133,0.9899,0.01065,0
180,0.08082,0.534,0.1914,2250.0,0.1878,21.87,180,3216.0,32.85,0.1472,0.01241,0.2856,0.1094,0.0577,1.481,0.01575,1
181,0.1284,0.6779999999999999,0.2832,1311.0,0.1496,26.57,181,2089.0,33.48,0.1491,0.01567,0.4098,0.1141,0.07397999999999999,0.7629,0.01798,1
182,0.08631,0.2902,0.08799,766.6,0.05189,20.31,182,1269.0,32.82,0.1414,0.009767,0.3437,0.09597,0.05549,1.15,0.01547,1
183,0.07427,0.1648,0.08155,402.0,0.02361,14.92,183,467.2,17.7,0.1121,0.01712,0.1811,0.09059,0.06217,1.108,0.02165,0
184,0.09772,0.363,0.1052,710.6,0.03263,22.41,184,973.1,28.03,0.1301,0.0060090000000000005,0.3175,0.09057,0.06317,0.4956,0.01172,1
185,0.07697000000000001,0.00692,0.04695,317.5,0.002404,15.11,185,437.0,21.18,0.1521,0.002404,0.2933,0.09267,0.060479999999999985,1.268,0.02538,0
186,0.06938,0.3538,0.08467999999999999,1041.0,0.05814,18.58,186,1410.0,26.36,0.1234,0.006719,0.3206,0.08588,0.05425,0.4757,0.01069,1
187,0.07097,0.1521,0.06141,420.3,0.032389999999999995,17.19,187,521.5,21.39,0.1323,0.01185,0.2572,0.09774,0.06095,0.7655,0.01897,0
188,0.06576,0.08803,0.05562,428.9,0.01553,17.39,188,489.5,26.48,0.1356,0.00624,0.32,0.1007,0.0578,1.926,0.031389999999999994,0
189,0.06306,0.1423,0.07253,463.7,0.01654,15.9,189,546.7,19.59,0.1096,0.006433,0.2482,0.0808,0.05474,0.8355,0.02025,0
190,0.1446,0.8488,0.2413,609.9,0.06617999999999999,23.12,190,762.4,37.18,0.1533,0.016659999999999998,0.5166,0.1075,0.07542,2.11,0.05113,1
191,0.06871000000000001,0.05186,0.06601,507.4,0.02864,21.41,191,579.5,23.5,0.09388,0.01757,0.2179,0.08749,0.06287000000000001,1.7480000000000002,0.03373,0
192,0.06559,0.0,0.02344,288.1,0.0,18.22,192,303.8,20.83,0.07117000000000001,0.0,0.1909,0.0695,0.06447,4.885,0.03799,0
193,0.1205,0.4425,0.1353,477.4,0.04562,26.86,193,768.9,39.34,0.1785,0.01321,0.3215,0.1034,0.06937,1.809,0.01878,1
194,0.08701,0.4589,0.198,671.4,0.08878,23.21,194,784.7,27.78,0.1316,0.01883,0.3,0.1044,0.06672,0.9622,0.02545,1
195,0.06949,0.1764,0.05366,516.4,0.02377,16.33,195,600.6,22.0,0.1097,0.00842,0.3024,0.07941000000000001,0.05667000000000001,0.9086,0.01853,0
196,0.09333,0.3809,0.1267,588.9,0.06526,22.29,196,806.9,34.01,0.1737,0.0206,0.308,0.12,0.06877,2.112,0.02689,1
197,0.06558,0.2535,0.08642000000000001,1024.0,0.05778,21.84,197,1228.0,24.7,0.08822,0.01444,0.2369,0.07371,0.0534,1.305,0.0214,1
198,0.09221,0.3865,0.1428,1148.0,0.06772,22.49,198,1688.0,32.06,0.1322,0.01221,0.3193,0.08523,0.05529,1.073,0.01415,1
199,0.1013,0.4967,0.1206,642.7,0.0598,20.22,199,1044.0,30.12,0.1552,0.007303,0.4753,0.09872,0.06466000000000001,0.6509,0.01522,1
200,0.08174,0.1377,0.08087000000000001,461.0,0.04107,19.56,200,638.4,28.36,0.1429,0.0114,0.2668,0.09586,0.06013,1.3259999999999998,0.015030000000000003,0
201,0.07867,0.3508,0.1198,951.6,0.07488,19.32,201,1239.0,25.84,0.1381,0.01345,0.2928,0.08968,0.05491,0.8282,0.01594,1
202,0.08762,0.7892,0.2084,1685.0,0.162,26.67,202,1986.0,32.68,0.1536,0.02465,0.3198,0.1141,0.06229,1.56,0.02175,1
203,0.1086,0.4646,0.1768,597.8,0.09176,23.75,203,1153.0,41.85,0.2226,0.01291,0.4432,0.1323,0.07421,1.93,0.01998,1
204,0.0875,0.2671,0.1058,481.9,0.03821,18.6,204,677.9,24.64,0.1426,0.01037,0.3014,0.09965,0.06373,1.044,0.01782,0
205,0.0974,0.3327,0.09588,716.6,0.04079,16.68,205,989.5,20.24,0.1491,0.00826,0.3415,0.08876,0.05986,0.3621,0.01523,1
206,0.0738,0.06213,0.07232000000000001,295.4,0.01952,17.27,206,331.6,23.22,0.1415,0.007527,0.2989,0.1089,0.06285,1.342,0.0221,0
207,0.06469,0.1932,0.07304,904.3,0.0539,20.26,207,1210.0,25.05,0.1111,0.01123,0.3275,0.08772,0.05223,0.8554,0.02294,1
208,0.1076,0.3162,0.1483,529.4,0.05102,22.54,208,639.3,29.16,0.1349,0.008304,0.4128,0.1002,0.0731,0.9223,0.02514,0
209,0.07474,0.2962,0.0623,725.5,0.03157,12.91,209,932.7,15.92,0.1222,0.007373,0.232,0.08182,0.05526,0.3628,0.009539,0
210,0.05865,0.3861,0.1348,1290.0,0.09561,22.14,210,1656.0,27.84,0.1178,0.02765,0.2909,0.0909,0.05024,1.48,0.031760000000000004,1
211,0.07993,0.1471,0.069,428.0,0.01393,18.94,211,546.3,24.99,0.128,0.006747,0.2535,0.08871,0.06057000000000001,0.8652,0.01616,0
212,0.05525,0.3201,0.1516,2499.0,0.1595,18.47,212,2499.0,18.47,0.1142,0.01407,0.1648,0.1142,0.05525,1.476,0.04783,1
213,0.06817999999999999,0.2803,0.1146,948.0,0.06597,25.56,213,1021.0,28.07,0.1243,0.03927,0.1603,0.1006,0.05866,1.6669999999999998,0.02175,1
214,0.1026,0.3744,0.1306,610.7,0.06462000000000001,23.81,214,811.3,34.85,0.1559,0.01627,0.4724,0.09463,0.06433,1.845,0.04499,1
215,0.1059,0.4636,0.1517,578.9,0.056020000000000014,16.93,215,750.1,26.93,0.146,0.01435,0.363,0.1026,0.06916,1.194,0.01939,1
216,0.08365,0.2806,0.1154,432.2,0.03142,18.35,216,531.2,27.1,0.1405,0.01785,0.3397,0.09363,0.06314,1.5630000000000002,0.02793,0
217,0.07808999999999999,0.1925,0.05907,321.2,0.01071,17.48,217,403.7,24.47,0.09527,0.01071,0.2868,0.08054,0.06315,1.922,0.0256,0
218,0.08255,0.3617,0.1306,1230.0,0.08691,21.56,218,2009.0,28.64,0.1353,0.01712,0.307,0.09383,0.055810000000000005,1.186,0.01897,1
219,0.07568,0.3995,0.113,1223.0,0.06637,32.47,219,2477.0,45.41,0.1408,0.01078,0.2713,0.0842,0.05313,1.321,0.01332,1
220,0.08718,0.1759,0.08711,568.9,0.02563,13.16,220,706.2,16.35,0.1311,0.006659,0.238,0.09646,0.06344,0.4336,0.01371,0
221,0.08177000000000001,0.2577,0.1192,561.3,0.04451,13.9,221,686.6,17.13,0.1376,0.00836,0.3065,0.1051,0.06302999999999999,0.4981,0.01842,0
222,0.08797,0.06572,0.08502,313.1,0.01915,17.53,222,375.6,22.84,0.1406,0.007624,0.3055,0.1061,0.06907999999999999,1.217,0.02637,0
223,0.1064,0.3976,0.1204,761.3,0.06462000000000001,20.25,223,1088.0,30.29,0.1552,0.008637,0.3993,0.1025,0.06302999999999999,0.9209,0.01772,1
224,0.07622999999999999,0.1786,0.04994,546.4,0.02456,17.02,224,708.8,23.6,0.1276,0.009057,0.2506,0.08445,0.05674,0.8907,0.014819999999999996,0
225,0.06072,0.1632,0.07624,641.2,0.04603,13.47,225,873.2,16.9,0.1297,0.01286,0.3062,0.09906,0.05448,0.8121,0.02266,0
226,0.08269,0.02639,0.07722000000000001,329.6,0.01216,15.46,226,395.4,19.8,0.1341,0.004972,0.2615,0.1053,0.0645,0.9027,0.01502,0
227,0.08362,0.3402,0.1096,684.5,0.0378,15.51,227,808.2,19.31,0.1136,0.01155,0.2954,0.08371,0.05907,0.4966,0.01391,0
228,0.09585,0.3911,0.07529,496.4,0.02036,23.97,228,624.0,31.31,0.1227,0.008690999999999999,0.2826,0.07902999999999999,0.06019,1.0659999999999998,0.01365,0
229,0.1243,0.6282,0.1799,503.2,0.06861,22.33,229,706.0,30.15,0.1777,0.01499,0.3407,0.1088,0.07254,1.069,0.0168,1
230,0.09061,0.5018,0.1572,895.0,0.109,19.08,230,1189.0,24.89,0.1703,0.01384,0.3109,0.1141,0.06325,0.679,0.01177,1
231,0.07087,0.1089,0.03813,395.7,0.003125,27.08,231,452.3,33.75,0.09203,0.003125,0.2849,0.06883,0.05628,0.8927,0.015369999999999997,0
232,0.07307000000000001,0.023180000000000003,0.03574,386.8,0.0064340000000000005,33.81,232,470.9,41.78,0.09994,0.003419,0.2911,0.0778,0.05828,1.6469999999999998,0.01916,0
233,0.08327999999999999,0.4146,0.1074,1319.0,0.0834,27.81,233,1872.0,37.38,0.1223,0.01091,0.2437,0.09159,0.05592,1.189,0.012980000000000002,1
234,0.08177999999999999,0.07161000000000001,0.04087,279.6,0.016669999999999997,15.91,234,335.9,19.16,0.1504,0.009623,0.2757,0.08463999999999999,0.06402999999999999,0.8301,0.02383,0
235,0.07617,0.06231,0.06945,603.4,0.01896,21.25,235,715.5,30.28,0.1287,0.01004,0.2226,0.0907,0.05835,1.503,0.01263,0
236,0.08677,0.5820000000000001,0.1682,1670.0,0.1237,26.97,236,2944.0,34.51,0.1481,0.017159999999999998,0.3103,0.09509,0.06309,0.9635,0.0159,1
237,0.07127,0.3158,0.08348,1306.0,0.06022,21.46,237,1750.0,26.17,0.1228,0.01671,0.2238,0.08355,0.05177,1.041,0.01341,1
238,0.07796,0.3064,0.1039,623.9,0.04408,27.85,238,764.0,40.54,0.1081,0.01011,0.189,0.08223,0.06129,2.324,0.01185,0
239,0.08496000000000001,0.3241,0.1298,920.6,0.08811000000000001,39.28,239,1408.0,44.87,0.1365,0.01374,0.2853,0.09812,0.05966000000000001,0.8561,0.01226,1
240,0.0651,0.1533,0.0663,575.3,0.03731,15.6,240,683.4,19.05,0.1278,0.01103,0.253,0.09423,0.0566,0.6612,0.01898,0
241,0.06783,0.062429999999999986,0.03393,476.5,0.01108,15.04,241,543.4,20.37,0.1037,0.003762,0.2901,0.07926,0.05754,0.6745,0.0172,0
242,0.1297,0.7436,0.1325,389.4,0.02854,18.19,242,472.9,27.96,0.1347,0.01314,0.3308,0.09592,0.07669,1.642,0.01995,0
243,0.06321,0.1359,0.06807,590.0,0.02344,23.77,243,706.0,26.34,0.09368,0.01007,0.2663,0.08043,0.05429,1.057,0.02598,0
244,0.07614,0.3458,0.1558,1155.0,0.08886000000000001,23.5,244,1417.0,30.53,0.1463,0.01559,0.292,0.1027,0.06,1.802,0.02186,1
245,0.07748,0.1181,0.05971,337.7,0.0307,19.86,245,402.8,29.46,0.1515,0.01133,0.2883,0.107,0.0644,2.612,0.03476,0
246,0.07198,0.2298,0.04524,541.6,0.01105,17.43,246,602.0,27.82,0.1101,0.005383,0.2767,0.07215,0.05635,1.601,0.01962,0
247,0.1178,0.7727,0.1346,512.2,0.0398,14.11,247,639.1,17.7,0.1254,0.0137,0.2639,0.0876,0.06409,0.4402,0.01266,0
248,0.08147,0.1125,0.07234,347.0,0.01615,25.22,248,455.7,35.19,0.1499,0.0062450000000000006,0.3409,0.09657,0.06329,1.493,0.02158,0
249,0.07808999999999999,0.1804,0.07808,406.3,0.02929,14.93,249,491.8,21.19,0.1389,0.01006,0.2664,0.1013,0.06168,1.038,0.01677,0
250,0.07849,0.6991,0.1606,1364.0,0.131,23.56,250,2010.0,27.0,0.1211,0.01864,0.3126,0.1007,0.05898,0.8208,0.02401,1
251,0.06487000000000001,0.08105,0.05991000000000001,407.4,0.02069,18.45,251,508.9,22.46,0.1183,0.009175,0.274,0.09345,0.05934,0.8429,0.02292,0
252,0.1297,0.8489,0.1849,1206.0,0.0974,19.82,252,1933.0,25.59,0.171,0.01971,0.2749,0.1062,0.06697,0.78,0.01467,1
253,0.08113,0.3378,0.1041,928.2,0.08353,17.08,253,1222.0,25.09,0.1416,0.01262,0.3138,0.1008,0.056129999999999985,0.8568,0.01394,1
254,0.0895,0.4317,0.1188,1169.0,0.08591,19.33,254,1972.0,24.57,0.1497,0.01267,0.3379,0.1035,0.05647000000000001,0.6342,0.01365,1
255,0.07957,0.3209,0.1279,602.4,0.05246,17.05,255,826.0,22.07,0.1512,0.01342,0.3068,0.1096,0.0613,0.8098,0.02062,1
256,0.1005,0.4251,0.2063,1207.0,0.1144,28.77,256,1926.0,36.27,0.1281,0.01519,0.2818,0.0926,0.062320000000000014,1.199,0.01936,1
257,0.1191,0.4429,0.2284,713.3,0.1242,17.27,257,928.8,22.66,0.1765,0.02127,0.3258,0.1335,0.07596,1.0590000000000002,0.01884,1
258,0.1019,0.6181,0.3114,773.5,0.1377,23.2,258,1226.0,31.64,0.1504,0.03024,0.3277,0.1109,0.08104,2.454,0.02337,1
259,0.1204,0.5703,0.1639,744.9,0.08399,33.56,259,1035.0,49.54,0.1883,0.01022,0.3512,0.1063,0.0665,1.278,0.009947,1
260,0.07998999999999999,0.3788,0.1088,1288.0,0.09333,27.06,260,1844.0,39.16,0.1522,0.008185,0.3151,0.1,0.055720000000000006,1.033,0.012819999999999998,1
261,0.06515,0.1211,0.0629,933.1,0.02837,23.06,261,1218.0,31.47,0.124,0.007670999999999998,0.2452,0.08662,0.053070000000000006,1.317,0.01411,1
262,0.07484,0.2298,0.1273,947.8,0.07507,22.13,262,1295.0,27.24,0.1134,0.02149,0.3067,0.08999,0.05464,1.633,0.02747,1
263,0.06829,0.226,0.05616,758.6,0.02847,19.38,263,988.6,31.67,0.1084,0.005174,0.2683,0.0784,0.054429999999999985,0.9988,0.01013,1
264,0.0757,0.3889,0.08995,928.3,0.06527000000000001,22.07,264,1436.0,29.33,0.1558,0.009875,0.3216,0.09726,0.0558,0.7383,0.01144,1
265,0.08217999999999999,0.3442,0.1143,1419.0,0.08646000000000001,31.12,265,3432.0,47.16,0.1401,0.00928,0.2868,0.09469,0.05674,1.617,0.013669999999999998,1
266,0.07587,0.1916,0.1147,346.4,0.02642,18.95,266,424.8,22.94,0.1213,0.01365,0.294,0.09688,0.06491,1.197,0.035039999999999995,0
267,0.07024,0.1453,0.08259,561.0,0.02142,21.84,267,661.5,30.04,0.1005,0.009919,0.2446,0.07956,0.05859,1.916,0.0203,0
268,0.07062,0.1992,0.06219,512.2,0.01615,16.21,268,597.5,23.64,0.1256,0.00633,0.3604,0.09425,0.05769,1.219,0.02593,0
269,0.08701,0.2534,0.1289,344.9,0.02867,20.39,269,410.4,25.21,0.1335,0.01745,0.2605,0.1082,0.06862,1.489,0.02728,0
270,0.0612,0.03866,0.02675,632.6,0.00625,16.82,270,684.6,20.65,0.08567000000000001,0.003608,0.2458,0.06429,0.05376,0.7198,0.01536,0
271,0.08022,0.1275,0.07608,388.0,0.02755,13.04,271,457.5,16.18,0.1358,0.008849,0.2733,0.09834,0.0627,0.5293,0.016919999999999998,0
272,0.08857999999999999,0.5807,0.1961,1491.0,0.1088,20.99,272,2384.0,28.18,0.1272,0.01561,0.2833,0.09401,0.06194,1.352,0.01924,1
273,0.08175,0.04043,0.04689,289.9,0.01407,15.67,273,355.2,20.88,0.1467,0.009472,0.2841,0.09037,0.06312000000000001,1.409,0.01798,0
274,0.07948,0.208,0.07027,998.9,0.04744,24.48,274,1320.0,34.69,0.1315,0.008522,0.2504,0.08855,0.0551,1.433,0.01419,1
275,0.06033,0.07153,0.0721,435.6,0.07404,17.36,275,472.4,18.99,0.1359,0.0191,0.222,0.1225,0.05875,2.293,0.02678,0
276,0.06386,0.004954999999999999,0.03872,396.6,0.003333,14.16,276,458.0,18.99,0.1259,0.003333,0.2758,0.09379,0.05821000000000001,1.28,0.02358,0
277,0.05737,0.221,0.05884,1102.0,0.05843,19.98,277,1236.0,24.3,0.1243,0.01463,0.2567,0.08922999999999999,0.04996,0.828,0.0193,1
278,0.06262999999999999,0.106,0.04052,572.3,0.01238,17.84,278,739.1,26.1,0.105,0.005044,0.2335,0.07948,0.0552,1.166,0.01344,0
279,0.06912,0.1456,0.07687999999999999,587.4,0.03711,15.18,279,670.0,21.74,0.1185,0.01043,0.2955,0.09516,0.05853,0.9195,0.015280000000000004,0
280,0.0972,0.5754,0.1453,1138.0,0.09664,26.6,280,1724.0,35.9,0.1782,0.01293,0.3258,0.102,0.0622,1.001,0.01435,1
281,0.06688,0.06735,0.0434,427.3,0.02763,14.02,281,533.7,18.26,0.1036,0.01846,0.3101,0.07812999999999999,0.06113,1.268,0.029210000000000007,0
282,0.07787000000000001,0.4316,0.1442,1145.0,0.09464,18.18,282,1628.0,28.65,0.1518,0.01499,0.359,0.1037,0.058920000000000014,0.9951,0.01623,1
283,0.1063,0.5026,0.1802,805.1,0.09052,18.77,283,1031.0,25.09,0.1365,0.01209,0.277,0.1066,0.06684,0.9173,0.013880000000000002,1
284,0.07127,0.3344,0.0958,516.6,0.0339,15.7,284,595.6,19.69,0.09926,0.017740000000000002,0.1999,0.07818,0.05935,1.389,0.01878,0
285,0.06431,0.005579,0.04216,489.0,0.002924,18.4,285,564.1,23.08,0.1038,0.002924,0.2505,0.08392999999999999,0.05855,1.35,0.025710000000000004,0
286,0.09981,0.2365,0.1011,441.0,0.03791,20.76,286,546.1,27.29,0.1116,0.01633,0.2465,0.08605,0.06766,1.39,0.01872,0
287,0.06915,0.1186,0.03729,515.9,0.01171,13.12,287,577.0,15.54,0.09616,0.005905,0.2309,0.06955,0.055810000000000005,0.469,0.01619,0
288,0.07009,0.1546,0.1181,394.1,0.055879999999999985,19.96,288,437.6,22.33,0.1028,0.03487,0.2955,0.0802,0.06233,1.905,0.03418,0
289,0.06994,0.07529,0.05008,396.0,0.021730000000000003,18.89,289,459.3,26.14,0.1118,0.009924,0.3267,0.08713,0.05955,1.974,0.03416,0
290,0.08799,0.222,0.1676,651.0,0.06602000000000001,19.73,290,767.3,22.13,0.09983,0.02771,0.2272,0.08757000000000001,0.07192,1.77,0.04077,0
291,0.08472,0.1804,0.09823,687.3,0.04819,19.1,291,809.8,26.19,0.1313,0.01187,0.2962,0.08992,0.05852,0.948,0.01522,0
292,0.09584,0.2241,0.07943,513.7,0.0337,16.02,292,585.4,19.93,0.1483,0.01132,0.338,0.1005,0.0647,0.7636,0.02625,0
293,0.07007000000000001,0.1316,0.05642000000000001,432.7,0.0228,17.46,293,517.8,25.75,0.1369,0.008578,0.3101,0.08372,0.05715,1.238,0.01792,0
294,0.06922,0.05233,0.08392999999999999,492.1,0.01924,13.78,294,553.7,17.48,0.1298,0.007978,0.2369,0.09667,0.061,0.6931,0.01374,0
295,0.06794,0.03732,0.06221,582.7,0.01917,13.27,295,661.1,16.93,0.117,0.006829000000000001,0.2823,0.09198,0.05912000000000001,0.6946,0.02154,0
296,0.06642999999999999,0.02884,0.04721,363.7,0.01369,12.35,296,392.2,14.82,0.09312,0.009393,0.2143,0.08517999999999999,0.06031,1.027,0.02941,0
297,0.06915,0.0612,0.05914,431.1,0.03515,18.14,297,553.6,23.39,0.1137,0.01432,0.1978,0.09968,0.06287000000000001,2.105,0.01575,1
298,0.07676000000000001,0.1565,0.0522,633.1,0.01374,18.17,298,819.7,25.26,0.09445,0.005243,0.2636,0.06576,0.05586,0.669,0.01103,0
299,0.06777000000000001,0.04158,0.06797,334.2,0.01875,23.09,299,362.7,24.22,0.1143,0.0125,0.2227,0.1015,0.06556000000000001,1.143,0.03464,0
300,0.09929,0.6121,0.1642,1217.0,0.1062,18.9,300,2053.0,26.24,0.1495,0.01733,0.2968,0.115,0.06552000000000001,1.161,0.01884,1
301,0.07764,0.1904,0.1014,471.3,0.03099,19.89,301,551.3,23.07,0.105,0.01403,0.2685,0.08451,0.06249,1.04,0.0274,0
302,0.09469,0.4932,0.1838,1247.0,0.128,23.86,302,1696.0,29.43,0.1347,0.01936,0.3294,0.108,0.07468999999999999,1.743,0.02736,1
303,0.07842,0.08423,0.06677999999999999,334.3,0.0178,18.61,303,375.4,24.54,0.1413,0.009199,0.2213,0.1068,0.066,1.5630000000000002,0.01791,0
304,0.07637999999999999,0.1226,0.07694,403.1,0.01502,18.16,304,489.8,21.61,0.1144,0.007807,0.2208,0.08853,0.062429999999999986,1.0590000000000002,0.01894,0
305,0.06745,0.07239,0.056879999999999986,417.2,0.01313,24.49,305,476.5,31.62,0.09545,0.006998000000000001,0.3244,0.07474,0.05878,1.786,0.03194,0
306,0.08385,0.0112,0.05251,537.3,0.003261,15.82,306,636.9,20.45,0.1128,0.002386,0.2651,0.08511,0.05894,0.5735,0.01344,0
307,0.07804,0.01472,0.031160000000000007,246.3,0.003472,14.4,307,285.5,20.07,0.09861,0.003472,0.2991,0.07005,0.06833,1.305,0.027010000000000003,0
308,0.06192,0.01379,0.03614,566.2,0.004419,12.71,308,698.7,16.94,0.09023,0.003242,0.2267,0.07376,0.05335,0.6864,0.0148,0
309,0.0658,0.01824,0.03735,530.6,0.008829,13.84,309,672.4,17.4,0.1016,0.004821,0.2107,0.08352000000000001,0.055179999999999986,0.8285,0.014219999999999997,0
310,0.06957999999999999,0.07915,0.052529999999999986,418.7,0.01148,19.11,310,483.1,26.55,0.1223,0.007638,0.3487,0.08814,0.06128,1.43,0.02349,0
311,0.05695,0.04746,0.03515,664.9,0.01877,15.69,311,840.8,21.75,0.1011,0.006324000000000001,0.253,0.07618,0.05255,0.9115,0.01494,0
312,0.08252999999999999,0.1769,0.07948,504.1,0.025480000000000003,13.37,312,618.8,16.4,0.1194,0.01069,0.2564,0.08794,0.0614,0.6594,0.01731,0
313,0.07434,0.08324,0.05969,409.1,0.008907,10.72,313,467.8,12.87,0.1092,0.004667,0.339,0.08597,0.061,0.3602,0.02032,0
314,0.08116,0.0,0.05847,221.2,0.0,18.6,314,240.1,22.44,0.1347,0.0,0.3142,0.1074,0.07359,2.777,0.06146,0
315,0.06174,0.01938,0.03834,481.6,0.006423000000000001,16.85,315,544.2,19.71,0.1104,0.00339,0.1917,0.08511,0.05673,0.7151,0.01393,0
316,0.060370000000000014,0.04116,0.03212,461.4,0.005051,14.08,316,513.1,16.47,0.1001,0.005051,0.2293,0.07733999999999999,0.05649,0.5996,0.01977,0
317,0.08198,0.3853,0.1117,1027.0,0.0795,18.87,317,1485.0,25.0,0.1434,0.01143,0.2812,0.09746,0.05664,0.5503,0.01275,1
318,0.1055,0.4609,0.1972,244.5,0.04908,18.9,318,297.1,23.4,0.1221,0.02527,0.3135,0.09968,0.08743,1.911,0.034910000000000004,0
319,0.05932000000000001,0.02237,0.034539999999999994,477.3,0.01699,17.0,319,515.9,20.21,0.08409,0.0112,0.1901,0.07557,0.05561,2.2,0.03433,0
320,0.09702,0.1898,0.1111,324.2,0.03965,16.18,320,390.4,20.61,0.1402,0.01544,0.2608,0.1061,0.07279,1.471,0.02719,0
321,0.05933,0.2606,0.08564,1274.0,0.07726,19.66,321,1657.0,23.03,0.1054,0.01247,0.3055,0.0802,0.050960000000000005,0.6863,0.02193,1
322,0.08553,0.1791,0.08834,504.8,0.034,13.32,322,599.5,21.08,0.1547,0.01011,0.2382,0.1134,0.06476,1.042,0.01202,0
323,0.1024,0.5344,0.1875,1264.0,0.1504,21.51,323,1938.0,31.86,0.1592,0.01369,0.5558,0.117,0.0667,1.023,0.02768,1
324,0.07961,0.1167,0.06545,457.9,0.016919999999999998,15.21,324,583.1,21.38,0.1256,0.005142,0.2661,0.08673,0.06129,0.8073,0.013330000000000002,0
325,0.06888,0.102,0.07664,489.9,0.02107,17.3,325,574.4,21.1,0.1384,0.006474,0.2688,0.1028,0.05984,0.9505,0.02057,0
326,0.07082999999999999,0.053070000000000006,0.05306,616.5,0.02733,12.88,326,749.9,18.0,0.1281,0.006626999999999999,0.21,0.09309,0.057,1.081,0.01416,0
327,0.07037,0.007731999999999998,0.03892,446.0,0.005592,17.93,327,523.4,22.25,0.1013,0.003951,0.2171,0.07683,0.0607,0.9097,0.01466,0
328,0.08199999999999999,0.3597,0.1319,813.7,0.08488,20.71,328,1121.0,30.38,0.159,0.013919999999999998,0.3103,0.1169,0.06277,1.232,0.01536,1
329,0.07952999999999999,0.3344,0.1283,826.8,0.07981,21.88,329,975.2,25.21,0.1426,0.01186,0.2736,0.1165,0.06532,1.457,0.04022,1
330,0.09124,0.4956,0.1371,793.2,0.07041,15.51,330,1070.0,21.98,0.1435,0.01459,0.3019,0.09491,0.05976,0.7476,0.01467,1
331,0.09166,0.3439,0.1125,514.0,0.0295,19.35,331,634.3,21.95,0.1288,0.009811,0.3596,0.09579,0.0654,0.5664,0.027510000000000003,0
332,0.06522,0.01335,0.06779,387.3,0.007582999999999999,19.86,332,436.1,25.78,0.1424,0.004967,0.3292,0.1054,0.060279999999999986,1.966,0.04243,0
333,0.07418,0.005518,0.04458,390.0,0.002941,14.78,333,492.7,22.06,0.1166,0.002941,0.2815,0.08306000000000001,0.06081,0.9961,0.017,0
334,0.07207000000000001,0.03619,0.04202,464.4,0.008535,19.02,334,544.3,28.46,0.1222,0.006522,0.2554,0.08313,0.05945,1.5319999999999998,0.01939,0
335,0.07599,0.392,0.1056,918.6,0.09934,21.0,335,1362.0,33.15,0.1449,0.01744,0.2623,0.1119,0.06071,2.129,0.01829,1
336,0.1009,0.145,0.09965,514.3,0.02098,14.23,336,576.0,16.91,0.1142,0.007315,0.2432,0.09462,0.07238,0.6412,0.016390000000000002,0
337,0.0987,0.4634,0.1402,1092.0,0.0609,21.43,337,1873.0,34.37,0.1498,0.01816,0.3679,0.09116,0.06083,1.53,0.02168,1
338,0.07664,0.1055,0.07326,310.8,0.01775,17.53,338,384.0,26.84,0.1402,0.008043000000000002,0.2894,0.1007,0.06331,2.015,0.021,0
339,0.07737999999999999,0.4819,0.1283,1747.0,0.141,24.27,339,2906.0,30.73,0.1515,0.01301,0.2593,0.1069,0.055060000000000005,0.9245,0.01479,1
340,0.08764,0.3755,0.1139,641.2,0.04223,16.54,340,862.1,21.51,0.1294,0.01243,0.3053,0.09751,0.06412000000000001,0.7706,0.01873,0
341,0.09825,0.4341,0.09228,280.5,0.02292,16.84,341,353.6,23.07,0.1233,0.00851,0.2982,0.08481,0.07125,0.9429,0.0175,0
342,0.0908,0.2299,0.09097,373.9,0.03341,14.96,342,440.0,19.9,0.1418,0.0101,0.3301,0.1033,0.06907,0.8225,0.02348,0
343,0.07918,0.4734,0.1339,1194.0,0.1103,21.68,343,1540.0,34.66,0.1218,0.01806,0.4045,0.09797,0.05715,2.2840000000000003,0.03756,1
344,0.07806,0.1087,0.07281,420.3,0.0325,15.45,344,516.4,18.16,0.146,0.01121,0.2765,0.115,0.06506,0.7395,0.01953,0
345,0.08488,0.07162,0.09159,321.6,0.02037,14.71,345,357.1,19.48,0.136,0.01296,0.2434,0.09882,0.07005,2.509,0.03675,0
346,0.08083,0.04506,0.05794,445.3,0.008487999999999999,18.9,346,562.6,27.06,0.1289,0.005495,0.28800000000000003,0.08386,0.060479999999999985,1.152,0.01982,0
347,0.08187,0.2151,0.0778,668.7,0.03528,14.74,347,880.8,17.93,0.122,0.01067,0.3109,0.08875,0.05912000000000001,0.3981,0.02163,0
348,0.08763,0.09823,0.05886,402.7,0.02322,16.03,348,475.8,20.79,0.1531,0.006314999999999999,0.2851,0.09076,0.06372,0.7615,0.01755,0
349,0.0759,0.03122,0.1206,426.7,0.01787,14.96,349,496.2,17.72,0.1293,0.01052,0.3124,0.1158,0.06581000000000001,1.05,0.02734,0
350,0.06825,0.03046,0.0363,421.0,0.01162,17.07,350,542.5,19.74,0.09958,0.006296,0.2731,0.07561,0.05731,0.6724,0.02216,0
351,0.105,0.6872,0.2364,758.6,0.1242,19.22,351,915.3,24.17,0.155,0.02283,0.4245,0.1243,0.07603,1.324,0.055429999999999986,1
352,0.08815,0.6451,0.2363,2010.0,0.1913,17.46,352,3234.0,23.58,0.153,0.01508,0.369,0.1149,0.06121,0.8509,0.02335,1
353,0.09438,0.4029,0.09769,716.6,0.06552999999999999,25.74,353,1050.0,33.22,0.166,0.01746,0.2654,0.1024,0.06464,1.506,0.0212,1
354,0.07017999999999999,0.1201,0.06064,384.6,0.01471,14.07,354,453.5,15.82,0.08864,0.01471,0.2576,0.07274,0.06083,0.8092,0.03102,0
355,0.07188,0.2388,0.1038,485.8,0.043910000000000005,19.07,355,547.4,22.43,0.1096,0.01966,0.2121,0.0876,0.06184,1.4780000000000002,0.02639,0
356,0.08317000000000001,0.2573,0.1304,512.0,0.05603,18.59,356,591.2,24.85,0.1343,0.01876,0.3113,0.1082,0.06501,1.51,0.0286,0
357,0.07113,0.05285,0.05492,593.7,0.020880000000000003,16.21,357,694.4,25.58,0.1153,0.0060420000000000005,0.2362,0.08743,0.058829999999999986,1.3630000000000002,0.01544,0
358,0.07431,0.09441,0.07697999999999999,241.0,0.02381,15.49,358,302.0,17.7,0.1015,0.01506,0.2434,0.08292999999999999,0.06621,1.2,0.02837,0
359,0.08136,0.1144,0.05956,278.6,0.01406,18.32,359,439.6,25.02,0.1333,0.0065650000000000005,0.2454,0.1009,0.06959,1.247,0.01942,0
360,0.05521,0.003581000000000001,0.0265,491.9,0.005449,18.07,360,585.7,20.98,0.09293,0.003617,0.2233,0.07436,0.05185,0.9527,0.02043,0
361,0.06658,0.1212,0.06373,546.1,0.02424,21.57,361,621.2,29.2,0.114,0.006399,0.2637,0.08582000000000001,0.05696,1.539,0.01829,0
362,0.07238,0.1255,0.07952000000000001,496.6,0.01781,18.84,362,579.7,25.99,0.1298,0.009997,0.2744,0.09676,0.06183,1.285,0.01909,0
363,0.06469,0.1663,0.08467999999999999,838.1,0.04835,18.29,363,1009.0,25.45,0.1338,0.01033,0.2394,0.09686,0.05593,1.439,0.01694,0
364,0.07582,0.1364,0.05696,552.4,0.014730000000000004,16.95,364,663.5,21.7,0.1213,0.005484,0.2741,0.07937000000000001,0.05701000000000001,0.6124,0.01291,0
365,0.06735,0.2702,0.1131,1293.0,0.07785,21.78,365,1780.0,26.37,0.1327,0.01461,0.2609,0.0915,0.05557,0.9168,0.01445,1
366,0.07632,0.3703,0.1669,1234.0,0.1265,26.83,366,1671.0,33.81,0.1278,0.02536,0.3271,0.09905,0.0602,1.892,0.0371,1
367,0.0747,0.2413,0.07175,458.4,0.02027,18.02,367,624.6,24.04,0.1368,0.007087,0.3218,0.09231,0.05916,0.7786,0.01938,0
368,0.06494,0.2861,0.08562,1546.0,0.08465,17.25,368,3143.0,26.44,0.1363,0.01197,0.251,0.09384,0.05054,1.051,0.01263,1
369,0.08574,0.4756,0.1954,1482.0,0.1501,21.9,369,2227.0,25.8,0.1294,0.01471,0.2741,0.1063,0.0614,0.6999,0.01518,1
370,0.09614,0.7087,0.1497,840.4,0.08772999999999999,23.29,370,1165.0,31.03,0.1415,0.01656,0.4824,0.09742,0.062179999999999985,1.022,0.03197,1
371,0.06766,0.1362,0.06934,711.8,0.02657,13.21,371,819.1,15.73,0.1126,0.009155,0.2487,0.07962999999999999,0.05544,0.4125,0.01647,0
372,0.08666,0.4024,0.1515,1386.0,0.1255,15.1,372,1535.0,21.84,0.1192,0.01343,0.273,0.1001,0.06183,1.3090000000000002,0.01675,1
373,0.07055,0.4159,0.1076,1335.0,0.08941,17.35,373,1946.0,23.17,0.1562,0.01232,0.2689,0.09446,0.05478,0.6575,0.01276,1
374,0.07701000000000001,0.1346,0.06373999999999999,579.1,0.02031,16.07,374,670.6,20.21,0.1105,0.006335,0.3323,0.08302000000000001,0.05669,0.5066,0.019430000000000003,0
375,0.0896,0.2114,0.1438,788.5,0.05397,16.07,375,861.5,19.14,0.1235,0.01196,0.3153,0.0988,0.06572,0.489,0.01934,0
376,0.12,0.603,0.166,338.3,0.05941,20.22,376,351.9,22.82,0.1143,0.02919,0.2597,0.09073,0.0845,1.231,0.01617,0
377,0.07061,0.07934,0.04726,562.1,0.01117,28.21,377,680.6,35.63,0.1108,0.005179,0.2694,0.07517,0.05763,1.15,0.01442,0
378,0.09638,0.2569,0.07547999999999999,580.6,0.02471,15.15,378,657.0,19.64,0.1275,0.008356,0.3387,0.08267999999999999,0.05897,0.5417,0.01818,0
379,0.1403,0.8402,0.2154,361.6,0.06367,18.83,379,508.1,32.82,0.2184,0.01339,0.4154,0.1216,0.0795,1.027,0.01738,1
380,0.09215,0.2247,0.1111,386.3,0.0555,12.96,380,476.1,20.53,0.161,0.01164,0.3343,0.1237,0.06914,0.9858,0.02108,0
381,0.07287,0.1553,0.07078999999999999,372.7,0.02074,14.93,381,447.1,20.83,0.1095,0.006959999999999999,0.3202,0.07987000000000001,0.06246,1.031,0.0188,0
382,0.09349,0.2912,0.1073,447.8,0.02978,22.72,382,488.4,28.71,0.08799,0.016669999999999997,0.2191,0.06935,0.06659,1.4340000000000002,0.0247,0
383,0.1118,0.3206,0.1297,462.9,0.0288,17.48,383,600.5,23.13,0.1427,0.01051,0.2819,0.1042,0.06588,0.873,0.01838,0
384,0.0732,0.2866,0.08575,541.8,0.02864,13.72,384,623.7,17.37,0.1166,0.008468,0.2736,0.08363,0.05594,0.5308,0.01461,0
385,0.06836,0.2675,0.06636,664.7,0.05271,23.29,385,758.2,31.71,0.1312,0.01576,0.2477,0.08682000000000001,0.05416,1.6269999999999998,0.0174,1
386,0.08824,0.3076,0.07823,462.0,0.02534,14.09,386,529.9,19.29,0.1026,0.01087,0.2677,0.08108,0.06154,0.8309,0.01921,0
387,0.06623,0.1091,0.048310000000000006,596.6,0.008506999999999999,16.16,387,745.3,19.97,0.08484,0.007016,0.2542,0.07026,0.05474,0.6218,0.01647,0
388,0.1043,0.3021,0.1114,392.0,0.02757,15.5,388,450.0,18.93,0.1102,0.02047,0.2157,0.08365,0.07252,1.067,0.01219,0
389,0.07602,0.3829,0.1318,1174.0,0.1021,23.21,389,1313.0,30.44,0.1251,0.03441,0.2576,0.101,0.05884,2.8360000000000003,0.02768,1
390,0.07722000000000001,0.08615,0.07542,321.6,0.01968,12.22,390,394.5,15.65,0.1343,0.006929,0.2937,0.09996,0.06569,0.5477,0.01938,0
391,0.08865,0.0,0.07428,234.3,0.0,16.84,391,317.0,22.8,0.146,0.0,0.2445,0.1039,0.07098,2.079,0.01865,0
392,0.1019,0.5553,0.1562,744.7,0.09113,19.97,392,1359.0,29.41,0.1681,0.016390000000000002,0.3187,0.116,0.06744,1.331,0.01852,1
393,0.1007,0.7053,0.2087,1407.0,0.1562,22.28,393,2081.0,28.74,0.1502,0.01288,0.3828,0.1167,0.06606000000000001,0.9209,0.02045,1
394,0.07081,0.1603,0.09758,446.2,0.033260000000000005,17.72,394,559.5,25.8,0.1432,0.007513,0.3049,0.1029,0.06161000000000001,1.652,0.02015,0
395,0.06609,0.0846,0.053610000000000005,609.1,0.032510000000000004,17.18,395,684.5,25.34,0.1066,0.009155,0.2523,0.08045,0.05764,1.685,0.01719,0
396,0.07686,0.3438,0.1147,558.1,0.05381,18.89,396,675.2,27.2,0.1428,0.013669999999999998,0.2666,0.1059,0.06079,1.332,0.01315,0
397,0.07053,0.1901,0.08895,508.3,0.04083,17.46,397,591.0,21.06,0.09534,0.01384,0.1988,0.08044,0.0575,1.265,0.01869,0
398,0.09158,0.2079,0.04768,378.2,0.007245999999999998,14.83,398,496.7,20.35,0.112,0.004168,0.259,0.07741,0.06214,0.6881,0.01191,0
399,0.08121,0.1449,0.062320000000000014,431.9,0.016380000000000002,17.26,399,562.0,24.49,0.1244,0.005398,0.2779,0.09087,0.06019,1.14,0.014769999999999997,0
400,0.1198,0.9034,0.2576,994.0,0.1198,21.02,400,1304.0,27.78,0.1873,0.01051,0.3245,0.123,0.07115,0.7747,0.01591,1
401,0.07262,0.1514,0.05242,442.7,0.01796,10.91,401,589.5,20.14,0.1374,0.005832,0.246,0.08872000000000001,0.05541,1.045,0.01096,0
402,0.07247,0.1604,0.07899,525.2,0.01883,18.29,402,621.9,24.61,0.09329,0.01065,0.3207,0.07351,0.05899,1.2990000000000002,0.02632,0
403,0.07833999999999999,0.181,0.08836000000000001,507.6,0.0239,16.17,403,580.9,23.02,0.1172,0.007308,0.3297,0.09879,0.062,0.905,0.0187,0
404,0.05974,0.04921,0.04571,469.1,0.02054,14.95,404,533.1,16.85,0.1048,0.0103,0.2298,0.08682000000000001,0.05708,0.9078,0.0297,0
405,0.07732,0.1412,0.0746,370.0,0.02932,18.59,405,472.4,25.58,0.1363,0.01155,0.2251,0.1004,0.06615,1.743,0.02079,0
406,0.07012,0.231,0.08501,800.0,0.04528,14.86,406,947.9,19.58,0.1206,0.008747,0.2778,0.09495,0.05875,0.6372,0.015,0
407,0.08151,0.1838,0.08316,514.5,0.01867,21.37,407,645.8,27.01,0.09402,0.01341,0.2488,0.07551000000000001,0.06114,1.798,0.02669,0
408,0.08503,0.3301,0.1304,991.7,0.08824,20.66,408,1349.0,25.41,0.1482,0.0148,0.306,0.1036,0.06069,0.8733,0.01414,1
409,0.06896000000000001,0.1377,0.06526,466.1,0.02653,17.92,409,610.2,28.88,0.124,0.01075,0.3455,0.08685,0.055970000000000006,1.781,0.02578,0
410,0.07745,0.1811,0.05313,399.8,0.021,17.57,410,521.3,36.32,0.1453,0.005872,0.2973,0.08857999999999999,0.05913,1.555,0.01341,0
411,0.07881,0.1067,0.07804,373.2,0.0248,16.83,411,471.4,26.44,0.1369,0.007483,0.2998,0.1077,0.0634,1.3869999999999998,0.01718,0
412,0.09206,0.1868,0.06053,268.8,0.005128,21.68,412,301.0,27.99,0.1086,0.005128,0.2376,0.07969,0.06724,1.182,0.01951,0
413,0.09251,0.3114,0.1025,693.7,0.03876,22.11,413,867.1,31.55,0.1077,0.01196,0.3163,0.08515,0.05913,1.336,0.01906,0
414,0.06165,0.1547,0.04605,719.5,0.02739,29.81,414,931.4,36.91,0.1148,0.009087,0.3233,0.0832,0.05294,1.6269999999999998,0.03151,1
415,0.07351,0.1164,0.0812,433.8,0.02179,21.17,415,522.9,27.21,0.1426,0.009276,0.3075,0.09773,0.0629,1.203,0.022580000000000003,0
416,0.08304,0.06141,0.06159,271.2,0.01257,21.7,416,359.4,31.24,0.1526,0.008674,0.2872,0.1044,0.06601,2.878,0.03044,0
417,0.1048,0.4211,0.1571,803.1,0.08481,21.08,417,1748.0,27.65,0.1517,0.02139,0.3003,0.112,0.06863999999999999,1.213,0.02018,1
418,0.09464,0.09385,0.05794,495.0,0.02402,12.17,418,566.9,16.92,0.1314,0.008231,0.2775,0.08785,0.06275,0.6457,0.017130000000000003,0
419,0.07123,0.03582,0.059779999999999986,380.3,0.01076,21.41,419,458.0,28.92,0.1282,0.006159,0.2976,0.1018,0.06144,1.6780000000000002,0.02694,0
420,0.08284,0.256,0.07722000000000001,409.7,0.01428,19.04,420,520.5,26.98,0.1249,0.008799,0.3035,0.08546000000000001,0.06267,1.44,0.01868,0
421,0.09208,0.3219,0.1836,656.1,0.063,13.98,421,809.2,18.34,0.1312,0.0158,0.2827,0.1031,0.07406,1.511,0.02653,0
422,0.07427,0.2302,0.1168,408.2,0.04497,16.02,422,475.7,19.67,0.1415,0.01304,0.2787,0.1088,0.0632,0.7339,0.01848,0
423,0.08839,0.366,0.1147,575.3,0.04812,19.13,423,708.8,25.5,0.1147,0.01274,0.2744,0.09057,0.06181,0.895,0.01581,0
424,0.08009,0.02085,0.08333,289.7,0.01967,19.12,424,380.9,23.17,0.1398,0.01052,0.3196,0.1075,0.07028999999999999,1.747,0.031,0
425,0.08061,0.01235,0.03912,307.3,0.005159,21.28,425,376.3,28.94,0.1126,0.003527,0.2349,0.08117,0.06439,1.341,0.01445,0
426,0.09646,0.2939,0.1013,333.6,0.02218,14.98,426,440.4,21.57,0.1327,0.01264,0.302,0.09816,0.06915,1.127,0.02161,0
427,0.07662000000000001,0.1927,0.05743,359.9,0.01404,21.98,427,489.5,32.04,0.1303,0.01045,0.2965,0.08801,0.05977,1.621,0.01844,0
428,0.07082999999999999,0.0458,0.03834,381.1,0.0137,16.62,428,421.1,20.29,0.103,0.006189,0.2383,0.08151,0.061479999999999986,0.9671,0.02009,0
429,0.06025,0.03469,0.04522,501.3,0.01835,17.67,429,586.8,20.96,0.1068,0.005623,0.2165,0.07896,0.05544,0.8836,0.0194,0
430,0.1155,0.9019,0.2225,685.0,0.09711,22.53,430,832.7,27.57,0.1419,0.02234,0.2866,0.09947,0.06898,0.8749,0.01499,1
431,0.09359,0.2403,0.1316,467.8,0.02799,17.68,431,515.8,22.91,0.145,0.01167,0.2556,0.1054,0.07102,1.46,0.02187,0
432,0.08075,0.5308,0.1489,1250.0,0.1259,19.54,432,1479.0,25.07,0.1665,0.0191,0.3032,0.1133,0.06053,1.001,0.02451,1
433,0.08313999999999999,0.3912,0.1389,1110.0,0.08744,21.97,433,1603.0,30.93,0.139,0.01834,0.3007,0.1018,0.06132000000000001,1.931,0.02383,1
434,0.06827000000000001,0.122,0.07074,673.7,0.02877,16.94,434,777.5,20.54,0.1218,0.008281,0.2525,0.08924,0.05703,0.6683,0.01551,0
435,0.1055,0.4069,0.1133,599.5,0.06462999999999999,19.62,435,869.3,30.8,0.1613,0.009567,0.3179,0.106,0.06544,0.9533,0.01223,1
436,0.07735,0.07127,0.07883,509.2,0.0209,19.54,436,626.9,24.38,0.1214,0.006502,0.3313,0.09136,0.06347,0.7693,0.02223,0
437,0.07234,0.1117,0.05895,611.2,0.02944,15.98,437,750.0,21.58,0.1195,0.009046,0.2725,0.08457999999999999,0.05898,1.046,0.02005,0
438,0.06911,0.04753,0.0633,592.6,0.02293,19.6,438,749.1,28.01,0.1118,0.007039,0.2513,0.08684,0.05673,1.6780000000000002,0.02014,0
439,0.0671,0.0626,0.055810000000000005,606.5,0.02652,15.66,439,688.9,19.31,0.1034,0.01076,0.2136,0.07966000000000001,0.05586,0.6549,0.01171,0
440,0.09532,0.4779,0.1113,371.5,0.03613,17.2,440,476.4,26.87,0.1391,0.01768,0.254,0.08915,0.0664,1.376,0.01516,0
441,0.07944,0.5036,0.1109,928.8,0.05736,25.42,441,1284.0,35.46,0.1436,0.017419999999999998,0.25,0.08331000000000001,0.054070000000000014,1.679,0.01594,1
442,0.0681,0.03517,0.06717999999999999,585.9,0.009937,15.79,442,706.6,17.5,0.1072,0.005657,0.1859,0.08817,0.05848,0.4833,0.01227,0
443,0.06736,0.03986,0.04462,340.9,0.01111,18.32,443,366.3,23.31,0.09794,0.01111,0.2699,0.08142,0.05768,2.542,0.017169999999999998,0
444,0.08225,0.429,0.1232,990.0,0.06254,16.85,444,1292.0,22.02,0.1263,0.009753,0.2842,0.08947000000000001,0.0578,0.5906,0.01295,1
445,0.08251,0.1609,0.09218,441.3,0.04274,24.89,445,513.9,30.36,0.1311,0.01665,0.2599,0.103,0.0685,1.204,0.02094,0
446,0.09075,0.6399,0.1314,981.6,0.08292999999999999,28.03,446,1437.0,38.54,0.1401,0.0111,0.2972,0.09997,0.05916,1.077,0.01237,1
447,0.07285,0.206,0.0889,674.8,0.0226,17.66,447,829.5,22.74,0.1226,0.006897,0.36,0.09179,0.05886,0.6221,0.02254,0
448,0.07463,0.3779,0.078,659.7,0.02925,19.34,448,830.5,28.39,0.1089,0.008848,0.2471,0.08388,0.05746,1.354,0.01394,0
449,0.07425,0.4399,0.1175,1384.0,0.1155,20.52,449,2022.0,32.07,0.1368,0.01466,0.2268,0.09684,0.05661,1.361,0.01029,1
450,0.09952,0.3218,0.1064,432.0,0.02386,21.54,450,507.2,28.18,0.09457,0.01553,0.2305,0.06613,0.06612,1.554,0.02354,0
451,0.06091,0.3977,0.09871,1191.0,0.09063,25.0,451,1421.0,30.96,0.1528,0.01499,0.2293,0.1032,0.05391,1.375,0.01641,1
452,0.08194,0.1811,0.0645,442.5,0.01945,28.23,452,523.7,37.88,0.1208,0.009166,0.2447,0.08437,0.06104,1.705,0.01745,0
453,0.0781,0.1373,0.09242,644.2,0.06495,13.98,453,749.9,16.93,0.1347,0.01136,0.2606,0.1099,0.06121,0.7213,0.02207,0
454,0.0733,0.1887,0.0543,492.9,0.02272,17.15,454,633.5,22.15,0.1225,0.006887999999999999,0.327,0.08582999999999999,0.05826,0.6674,0.01608,0
455,0.07675,0.07003,0.07426,557.2,0.032639999999999995,30.72,455,705.6,41.61,0.1172,0.009128,0.2196,0.09245,0.06016000000000001,1.924,0.01564,0
456,0.0722,0.2923,0.08574,415.1,0.02017,29.29,456,527.8,38.81,0.1406,0.009215,0.2884,0.09357,0.06166,2.426,0.02475,0
457,0.06788,0.139,0.05205,537.9,0.02068,25.25,457,632.9,34.23,0.1289,0.006451,0.2444,0.08791,0.05584,1.35,0.01347,0
458,0.06291000000000001,0.04462,0.05073,520.2,0.01762,25.13,458,628.5,31.88,0.1218,0.006336,0.2306,0.08369,0.05449,1.232,0.01215,0
459,0.07211000000000001,0.0719,0.04626,290.9,0.01043,28.2,459,349.9,36.92,0.111,0.006104,0.2321,0.07984,0.05952,1.6869999999999998,0.01574,0
460,0.0906,0.2639,0.111,930.9,0.06431,27.15,460,1648.0,34.49,0.16,0.01458,0.301,0.09898,0.06281,1.152,0.02045,1
461,0.07427,0.6833,0.1988,2501.0,0.1689,26.27,461,4254.0,31.37,0.1357,0.02598,0.2641,0.1084,0.05623,1.306,0.01697,1
462,0.06464,0.1472,0.05223,646.1,0.01737,26.99,462,734.6,31.98,0.1017,0.006370000000000001,0.2345,0.06995,0.05433,0.9112,0.01414,0
463,0.07862999999999999,0.18600000000000005,0.05855,412.7,0.017769999999999998,18.36,463,495.1,24.02,0.1342,0.007497,0.321,0.08507999999999999,0.05859,0.7656,0.02124,0
464,0.06925,0.1876,0.05994,537.3,0.0287,18.22,464,687.6,23.89,0.1282,0.008463,0.2235,0.07466,0.05549,0.685,0.01093,0
465,0.1249,0.6556,0.1223,542.9,0.02833,20.13,465,733.5,25.5,0.1201,0.01368,0.2845,0.08284,0.06432,0.8135,0.01526,0
466,0.08174,0.4504,0.1089,536.9,0.0351,20.74,466,689.1,25.46,0.1351,0.01254,0.2563,0.08675,0.0602,0.7884,0.01561,0
467,0.07875,0.06409,0.05428,286.3,0.005769,18.1,467,380.2,24.62,0.1388,0.003934,0.3057,0.08311,0.06412000000000001,1.3119999999999998,0.026930000000000003,0
468,0.1224,0.5165,0.2004,980.5,0.1002,23.33,468,1437.0,28.87,0.1207,0.02311,0.2301,0.09289,0.07368999999999999,1.465,0.016730000000000002,1
469,0.0927,0.3186,0.1483,408.8,0.05564,18.18,469,528.1,25.4,0.17800000000000002,0.01841,0.266,0.1175,0.07255,1.74,0.01807,0
470,0.08524,0.1277,0.06258,289.1,0.01514,18.49,470,385.2,25.62,0.1234,0.009883,0.3174,0.08946,0.06412999999999999,1.35,0.0196,0
471,0.06639,0.05524,0.06,449.9,0.02377,28.14,471,567.6,33.33,0.1041,0.01183,0.2404,0.08752,0.05698,2.643,0.02047,0
472,0.08273,0.3151,0.08549,686.9,0.03221,14.93,472,906.6,18.22,0.1065,0.008399,0.2688,0.08098,0.05669,0.4334,0.01148,0
473,0.06742999999999999,0.0,0.03398,465.4,0.0,29.97,473,558.9,38.05,0.09422,0.0,0.2409,0.07699,0.0596,3.647,0.03141,0
474,0.108,0.3365,0.1069,358.9,0.01571,15.62,474,433.1,19.35,0.1332,0.006691,0.2581,0.1007,0.06837,0.5379999999999999,0.01212,0
475,0.07802,0.3476,0.08269,506.9,0.03078,15.73,475,605.8,19.35,0.1326,0.00836,0.3006,0.0904,0.05913,0.4875,0.01601,0
476,0.07858,0.2512,0.1108,618.4,0.03058,20.53,476,828.5,27.26,0.1153,0.0135,0.2534,0.08931,0.06009,1.018,0.0161,0
477,0.07697999999999999,0.1384,0.05319,599.4,0.01339,16.62,477,718.9,21.8,0.09384,0.004832,0.2679,0.06828,0.05536,0.5762,0.01316,0
478,0.0918,0.2596,0.08227999999999999,404.9,0.01969,14.59,478,467.6,21.9,0.1352,0.008038,0.2941,0.1046,0.06573999999999999,1.166,0.01843,0
479,0.09136,0.5897,0.1893,815.8,0.09194,19.51,479,939.7,23.05,0.1377,0.02215,0.3318,0.1026,0.06577999999999999,0.9857,0.02773,1
480,0.07729,0.162,0.07837999999999999,455.3,0.01527,18.03,480,547.4,27.87,0.1208,0.005161,0.2406,0.09087,0.06284,1.19,0.01454,0
481,0.07603,0.1673,0.05326,602.9,0.0207,19.24,481,830.5,26.42,0.1064,0.006275,0.2356,0.07991000000000001,0.05594,0.9264,0.01062,0
482,0.09326,0.1848,0.1155,546.3,0.052660000000000005,14.06,482,660.2,18.32,0.1393,0.008791,0.3227,0.1071,0.06639,0.5733,0.016980000000000002,0
483,0.0696,0.1742,0.07957,571.1,0.0316,17.64,483,686.5,23.53,0.1199,0.009233,0.2518,0.0995,0.06088,0.9462,0.01285,0
484,0.08181000000000001,0.4004,0.1299,747.2,0.06211000000000001,11.28,484,854.3,14.2,0.1541,0.01067,0.2557,0.1043,0.06258999999999999,0.3871,0.01175,0
485,0.1034,0.4896,0.1511,476.7,0.04846,16.41,485,580.6,21.03,0.1175,0.02721,0.3231,0.09514,0.07325,1.207,0.03232,0
486,0.06596,0.2437,0.06698,666.0,0.02791,16.85,486,831.0,25.44,0.1142,0.006144,0.2455,0.08641,0.05355,1.006,0.01254,0
487,0.09009,0.5936,0.1448,1167.0,0.1194,18.82,487,1740.0,30.39,0.1514,0.01176,0.3266,0.1089,0.06115,1.408,0.017169999999999998,1
488,0.08023999999999999,0.149,0.09263,420.5,0.03132,16.17,488,549.8,21.59,0.1526,0.01167,0.2804,0.1128,0.06401,1.154,0.02152,0
489,0.07622999999999999,0.2477,0.07112,857.6,0.02307,20.2,489,1084.0,26.56,0.1009,0.005297,0.4677,0.07497000000000001,0.05325,0.5679,0.01961,1
490,0.08202999999999999,0.123,0.052000000000000005,466.5,0.01261,22.44,490,622.9,31.99,0.1256,0.004551,0.31,0.08192,0.05976,1.139,0.01608,0
491,0.05871000000000001,0.1048,0.06217,992.1,0.04178,13.23,491,1210.0,18.42,0.09862,0.007437,0.1783,0.07837999999999999,0.05243,1.046,0.01302,0
492,0.07625,0.2544,0.1289,1007.0,0.07762000000000001,20.56,492,1426.0,26.06,0.1309,0.01648,0.3251,0.1001,0.06077000000000001,1.288,0.02897,1
493,0.07028,0.01674,0.04043,477.3,0.01149,12.83,493,534.0,16.36,0.09439,0.007895000000000001,0.228,0.07372000000000001,0.06013,1.486,0.02869,0
494,0.07429,0.07697999999999999,0.05275,538.7,0.01256,20.54,494,648.3,28.46,0.1118,0.005564,0.2687,0.07335,0.05888,1.473,0.02086,0
495,0.06599,0.17,0.08345,680.9,0.049510000000000005,20.21,495,783.6,28.48,0.1216,0.01183,0.2369,0.09587,0.05748,1.636,0.01959,0
496,0.1033,0.3582,0.1334,485.6,0.05074,18.17,496,633.7,22.15,0.1533,0.01032,0.32299999999999995,0.1076,0.06854,0.6332,0.01759,0
497,0.07661,0.2028,0.0763,480.1,0.02369,17.31,497,607.3,24.34,0.1276,0.007095999999999998,0.3035,0.08928,0.06046,0.7809999999999999,0.01536,0
498,0.09445,0.3533,0.1317,1068.0,0.09183,17.52,498,1600.0,22.88,0.1412,0.01573,0.251,0.1012,0.06697,1.045,0.01617,1
499,0.08999,0.5179,0.1644,1320.0,0.1121,21.24,499,1760.0,30.76,0.1464,0.01479,0.248,0.1085,0.06222,1.216,0.01117,1
500,0.08549,0.1856,0.1364,689.4,0.06142,16.74,500,856.9,20.43,0.1135,0.01004,0.2177,0.09883,0.06869,0.8423,0.01055,0
501,0.1183,0.3381,0.1681,595.9,0.06759,24.49,501,788.0,32.94,0.1794,0.01616,0.3651,0.1162,0.07237,1.528,0.02434,1
502,0.07537999999999999,0.1889,0.1085,476.3,0.03279,16.32,502,552.0,21.4,0.158,0.01161,0.3155,0.1158,0.06612,1.095,0.028010000000000004,0
503,0.07277,0.3794,0.1275,1682.0,0.1003,19.83,503,2782.0,23.87,0.1199,0.02156,0.2908,0.09342,0.05484,0.7452,0.02201,1
504,0.1252,0.2099,0.2239,248.7,0.05252,12.87,504,300.2,16.38,0.1902,0.02188,0.3038,0.1634,0.09502,1.093,0.02542,0
505,0.1364,0.2913,0.2204,272.5,0.07038,13.14,505,328.1,18.04,0.2006,0.0145,0.2848,0.1255,0.09575,1.39,0.02632,0
506,0.08839,0.3535,0.1152,453.1,0.02166,20.04,506,515.3,24.17,0.1402,0.009894,0.2709,0.1096,0.06894,0.7959,0.0132,0
507,0.1168,0.1256,0.1071,366.5,0.04268,17.12,507,411.1,20.74,0.1662,0.01285,0.278,0.1194,0.07976,1.03,0.0222,0
508,0.0723,0.1947,0.06712,819.8,0.04563,15.7,508,928.2,17.76,0.1354,0.01431,0.23,0.09427,0.05657,0.4706,0.01344,0
509,0.1067,0.5911,0.187,731.3,0.0852,23.95,509,909.4,36.33,0.1732,0.02041,0.3013,0.1183,0.07082999999999999,1.961,0.02105,1
510,0.09879,0.269,0.09661,426.0,0.02639,14.69,510,473.8,17.6,0.1073,0.015280000000000004,0.2604,0.08098999999999999,0.06758,0.6417,0.0226,0
511,0.06142,0.1101,0.05016,680.7,0.02541,14.7,511,760.2,17.58,0.1139,0.01056,0.2334,0.08472,0.053479999999999986,0.6232,0.0158,0
512,0.1109,0.5106,0.1469,556.7,0.08172,20.52,512,844.4,29.66,0.1574,0.01334,0.3585,0.1106,0.07325,0.9306,0.01705,1
513,0.07048,0.2492,0.08918,658.8,0.04349,13.66,513,862.0,17.24,0.1223,0.008648000000000001,0.2626,0.09832,0.0564,0.6237,0.01539,0
514,0.06954,0.2866,0.08597,701.9,0.04335,19.07,514,967.0,28.06,0.1246,0.009423,0.2282,0.09215,0.05915,1.198,0.01152,1
515,0.06783,0.1624,0.08499,391.2,0.02594,18.61,515,478.6,23.03,0.1483,0.01107,0.306,0.1049,0.06211000000000001,1.01,0.02434,0
516,0.07862999999999999,0.3759,0.1248,1052.0,0.09451,20.58,516,1493.0,26.2,0.1492,0.01046,0.3074,0.1068,0.05941,0.9225,0.01559,1
517,0.09136,0.4185,0.131,1214.0,0.09431,20.26,517,1646.0,25.23,0.1417,0.01178,0.2549,0.1037,0.06188,0.8737,0.01057,1
518,0.08893,0.1246,0.1661,493.1,0.05303,18.22,518,674.7,24.37,0.1456,0.01244,0.2582,0.1218,0.07253,1.169,0.01816,0
519,0.08557000000000001,0.1423,0.1117,493.8,0.02995,16.7,519,624.1,21.74,0.1475,0.009199,0.3071,0.1125,0.06623,1.003,0.01805,0
520,0.08982000000000001,0.09996,0.1225,257.8,0.02421,13.9,520,326.6,17.84,0.185,0.0158,0.3681,0.1371,0.07696,1.13,0.03997,0
521,0.09671,0.4658,0.2106,1841.0,0.1471,21.6,521,2642.0,26.93,0.1342,0.015969999999999998,0.3157,0.103,0.06738999999999999,0.9004,0.01879,1
522,0.07612999999999999,0.02533,0.04413,388.1,0.005664,19.83,522,435.9,26.43,0.1108,0.004065,0.2557,0.08511,0.06343,1.083,0.01487,0
523,0.09031,0.1935,0.107,571.0,0.03783,18.68,523,701.9,25.63,0.1425,0.01352,0.2849,0.09916,0.06842999999999999,1.249,0.0187,0
524,0.09209,0.08434,0.08419,293.2,0.02416,15.68,524,376.5,22.99,0.1419,0.006801000000000001,0.2502,0.09492,0.06891,1.216,0.01824,0
525,0.1049,0.1754,0.07632,221.3,0.0151,13.1,525,275.6,18.45,0.1641,0.00732,0.2983,0.1036,0.07126,0.6793,0.01592,0
526,0.08665,0.2654,0.1138,551.1,0.03152,18.75,526,719.8,25.16,0.1624,0.007369,0.3518,0.1075,0.06317,0.6068,0.01354,0
527,0.07592,0.1791,0.06307,468.5,0.02647,12.27,527,564.9,19.27,0.1292,0.00574,0.311,0.09003,0.058079999999999986,0.4957,0.01129,0
528,0.07253,0.1559,0.09755,594.2,0.06615,13.17,528,653.3,15.38,0.1394,0.02853,0.21600000000000005,0.1248,0.06457,2.635,0.01715,0
529,0.08052000000000001,0.1622,0.09009,445.2,0.02798,13.44,529,549.9,15.77,0.1521,0.007986,0.2781,0.11,0.06608,0.504,0.01962,0
530,0.07757,0.1366,0.09713,422.9,0.0444,17.56,530,552.3,27.98,0.1349,0.01316,0.2478,0.1073,0.06677000000000001,1.907,0.01835,0
531,0.0895,0.2758,0.09453,416.2,0.02157,20.02,531,550.6,28.81,0.155,0.005298,0.3206,0.1016,0.06461,0.8745,0.01449,0
532,0.07782,0.1206,0.07255,575.5,0.0188,16.33,532,773.4,20.2,0.1264,0.005077,0.2806,0.09277,0.06155,0.4801,0.01054,0
533,0.06386,0.3092,0.1313,1299.0,0.1015,20.67,533,1645.0,27.15,0.1097,0.01699,0.322,0.09156,0.05419,1.736,0.02816,1
534,0.08277999999999999,0.2123,0.09752,365.6,0.02788,17.62,534,407.5,26.51,0.1428,0.01346,0.2289,0.09687,0.06408,1.5830000000000002,0.01322,0
535,0.07569,0.4433,0.1739,1308.0,0.1322,20.86,535,1809.0,25.48,0.1268,0.01421,0.3077,0.1046,0.06251,0.9901,0.01948,1
536,0.08351,0.4234,0.1154,629.8,0.06139,22.55,536,728.3,34.27,0.138,0.01276,0.2698,0.1038,0.05982000000000001,1.851,0.01451,1
537,0.0997,0.1395,0.1552,406.4,0.04531,24.44,537,487.7,32.19,0.1768,0.01766,0.2803,0.1236,0.07405,1.978,0.0156,0
538,0.09938,0.0,0.04878,178.8,0.0,25.49,538,248.0,30.92,0.1256,0.0,0.3058,0.08098,0.07285,1.462,0.02882,0
539,0.1066,0.3393,0.1199,170.4,0.01364,25.44,539,223.6,31.89,0.1596,0.01364,0.279,0.08668,0.07751,1.479,0.02105,0
540,0.08134,0.1797,0.112,402.9,0.02594,14.44,540,457.8,19.68,0.1345,0.01494,0.2329,0.09984,0.06782,1.768,0.0184,0
541,0.1023,0.404,0.123,656.4,0.0389,24.99,541,808.9,31.73,0.134,0.01162,0.3187,0.08837,0.06341000000000001,1.079,0.02068,0
542,0.06956,0.1611,0.07214,668.6,0.03027,25.42,542,826.4,32.29,0.106,0.01269,0.2722,0.08275,0.0568,1.385,0.0187,0
543,0.06443,0.1062,0.06877,538.4,0.03275,28.06,543,629.6,37.17,0.1072,0.009117,0.2473,0.08671,0.05781,1.597,0.017240000000000002,0
544,0.08492000000000001,0.1377,0.1018,584.8,0.02369,20.7,544,688.6,24.75,0.1264,0.009061,0.2249,0.09578,0.06688,1.047,0.0149,0
545,0.06953,0.1049,0.06747,573.2,0.02443,23.23,545,729.8,29.09,0.1216,0.009064,0.2642,0.09246,0.05801,1.336,0.02087,0
546,0.07399,0.04384,0.04994,324.9,0.005495,16.35,546,384.9,21.77,0.1285,0.005495,0.2681,0.09434,0.06201,0.967,0.0156,0
547,0.09479,0.1783,0.08066,320.8,0.02438,16.58,547,357.4,22.04,0.1461,0.01097,0.2691,0.08877,0.06713999999999999,1.023,0.02277,0
548,0.0792,0.0935,0.0503,285.7,0.009615,19.34,548,364.2,25.59,0.1199,0.009615,0.2552,0.08491,0.06235,1.3630000000000002,0.02203,0
549,0.07626000000000001,0.06194,0.06602000000000001,361.6,0.008159999999999999,24.21,549,505.6,31.45,0.1204,0.005917,0.3059,0.08192,0.06327999999999999,1.918,0.02466,0
550,0.06592,0.0,0.04227,360.5,0.0,21.48,550,412.3,24.77,0.1001,0.0,0.2458,0.07431,0.05948,1.304,0.03004,0
551,0.08032,0.1564,0.08194,378.4,0.02257,22.44,551,436.6,28.26,0.1087,0.01024,0.3169,0.09566,0.06552000000000001,1.467,0.02912,0
552,0.06484,0.08653,0.04234,507.9,0.01499,29.43,552,594.7,36.0,0.1234,0.009305,0.2407,0.08276,0.05637,1.367,0.01897,0
553,0.07393,0.07993,0.05605,264.0,0.012819999999999998,21.94,553,295.8,25.05,0.1103,0.012819999999999998,0.2435,0.0924,0.06576,1.879,0.03759,0
554,0.07242,0.2439,0.05824,514.3,0.02343,28.92,554,595.7,35.74,0.1227,0.00762,0.2372,0.08123,0.05708,1.36,0.01695,0
555,0.08283,0.2,0.07658,321.4,0.02738,27.61,555,357.6,34.91,0.1384,0.01721,0.2226,0.0903,0.06127000000000001,2.239,0.01843,0
556,0.06742000000000001,0.01005,0.07504,311.7,0.01116,19.59,556,347.3,22.88,0.1265,0.007081999999999998,0.2262,0.1003,0.06331,2.09,0.02572,0
557,0.06969,0.0,0.04971,271.3,0.0,27.88,557,330.6,34.24,0.1073,0.0,0.2475,0.08123,0.06059,2.927,0.03004,0
558,0.08004,0.3662,0.133,657.1,0.03736,22.68,558,733.5,27.27,0.1026,0.016059999999999998,0.2258,0.08473,0.06147,1.108,0.016380000000000002,0
559,0.08732000000000001,0.363,0.1021,403.5,0.04105,23.93,559,474.2,37.16,0.1298,0.01267,0.2112,0.09261,0.0657,2.904,0.01488,0
560,0.08321,0.1326,0.1126,600.4,0.04304,27.15,560,706.7,33.17,0.1241,0.01626,0.225,0.09929,0.06171,1.492,0.0208,0
561,0.05905,0.0,0.03558,386.0,0.0,29.37,561,439.6,38.3,0.09267,0.0,0.1566,0.07449,0.055020000000000006,3.896,0.01989,0
562,0.1409,1.17,0.2087,716.9,0.09429,30.62,562,915.0,42.79,0.1417,0.01608,0.4089,0.1048,0.07152,1.205,0.02137,1
563,0.09873,0.6599,0.2236,1347.0,0.1474,25.09,563,1819.0,29.41,0.1407,0.02624,0.2929,0.1099,0.06879,1.026,0.02057,1
564,0.07115,0.4107,0.1159,1479.0,0.1389,22.39,564,2027.0,26.4,0.141,0.02454,0.206,0.111,0.05623,1.256,0.01114,1
565,0.06637,0.3215,0.1034,1261.0,0.09791,28.25,565,1731.0,38.25,0.1166,0.01678,0.2572,0.0978,0.05533,2.463,0.01898,1
566,0.0782,0.3403,0.1023,858.1,0.053020000000000005,28.08,566,1124.0,34.12,0.1139,0.01557,0.2218,0.08455,0.05648,1.075,0.01318,1
567,0.124,0.9387,0.277,1265.0,0.152,29.33,567,1821.0,39.42,0.165,0.016640000000000002,0.4087,0.1178,0.07016,1.595,0.02324,1
568,0.07039,0.0,0.04362,181.0,0.0,24.54,568,268.6,30.37,0.08996,0.0,0.2871,0.05263,0.05884,1.4280000000000002,0.026760000000000003,0
